-235.662639002366	280.388138869243
0.00630830013446267	0.00121402204433023
0.00980790365868338	0.00265605266485535
0.639580843460538	0.168295967509195
0.0374593339365585	0.000745220033796686
0.00662585428381901	0.00231985514110907
0.553759546754203	0.150807284241663
0.334889925157967	0.0909132352840391
0.350354528023146	0.0926988838465199
0.0053848313992974	0.00324745553049014
0.596374094685072	0.169471723017114
0.585088204886121	0.162699071104653
0.000498131809267986	4.84089065422221e-05
0.558605049051223	0.170184722395661
0.52772613164216	0.164100416550973
0.631631098160439	0.167025447016164
0.531966863812994	0.158653877778713
0.436591167260071	0.14187565276641
0.63643216232801	0.168120195739467
0.49342324874762	0.174232461279214
0.425354264335057	0.117973719322471
0.496022015324793	0.141592159809227
0.629411301022281	0.171845872004066
0.517424820810286	0.172872603181011
0.0753293712484711	-0.000971828561774392
0.0124547955641553	0.00384346386362895
0.165060234661946	0.0502940008711056
0.574533196327851	0.169080356862523
0.279657310114252	0.102599081509975
0.189153912521393	0.0444125340632631
0.45060263988562	0.175787556942466
0.0686435914594995	0.0307729342724334
0.605716920340586	0.168838169206821
0.29384444513713	0.0469810808607397
0.491376568752126	0.149831128333467
0.620795540545453	0.164234294961018
0.660712960498998	0.163632286089803
0.267920126102609	0.0817681637298997
0.504126896215271	0.141328224034908
0.604344377792099	0.0926212362323344
0.0558292026936536	0.0105408894999104
0.0190279150921893	0.00642089872143404
0.603907528862197	0.167733747169365
0.015121566226984	0.00266755387453217
0.228866193038767	0.052463764767213
0.144852545347768	0.00826755269878074
0.276976277544653	0.0908699922590801
0.27195562573509	0.058390691901097
0.00641829925896574	0.00212275247782691
0.556873891001065	0.144794436792153
0.545836418413287	0.177636557783172
0.35934163216508	0.0412824073812489
0.18414003940794	0.0051114783456022
0.539084538491893	0.171012501550295
0.460566142780917	0.180967592313588
0.466224873964897	0.114354845201944
0.010559613775825	-0.000116217864291299
0.590829422551374	0.153268569102059
0.640028379304019	0.169755234320396
0.469026859342376	0.137244212562998
0.584655579916734	0.163571490804953
0.600049528146796	0.166077731929568
0.523624898072438	0.112223266874241
0.00842601399641174	0.00543435681293036
0.254236526841968	0.0645510249262162
0.489454181790091	0.174707968388306
0.588583699299812	0.173522423889089
0.567765368879507	0.166134094259421
0.633046253809332	0.170285557485832
0.617111321709642	0.163924431792208
0.398006691586149	0.0933518851604155
0.630202525279762	0.174061650026621
0.000969817609084689	0.00161670743499592
0.494074092381713	0.122145153580962
0.432890831469112	0.124058647098456
0.482273442892832	0.12473037205646
0.0371846568411146	0.0157620967574778
0.566786082250741	0.175427345605129
0.0828877034126879	0.00604995992370403
0.348887726980087	0.111874303885286
0.3094830928346	0.0915064769167141
0.0965095157968475	0.0176169473796555
0.48318876347524	0.129846827478125
0.634567933814258	0.167140296884829
0.155665237275141	0.0423673566939311
0.218560605429264	0.0788833324474045
0.115443232019808	0.0595974329566384
0.232200509338255	0.0612995467038732
0.251943357764685	0.0728988689378205
0.530986496935963	0.148264211650399
0.157602812956973	0.046396687341138
0.109260150251944	0.019801501025692
0.309201407873216	0.0727385591706595
0.584800067566897	0.174704748325817
0.299416594702882	0.0892177002464611
0.367126560642972	0.0743333017325576
0.608895906536961	0.169289178971788
0.138873484052401	0.00355301773831762
0.0451770655153908	0.0349100387457625
0.131153715012898	0.0423420381476357
0.247419212451654	0.0529105006784149
