-3463.59059507963	3047.29463249692
-0.0114981639761647	0.0186657589713982
-0.0898219162960287	0.0821868227995419
-2.59963144703388	3.04560515944158
-0.0698831561308355	0.092473082359892
-0.0278342298167997	0.0339367159644724
-2.29146722649928	2.68120236101508
-1.22782947211444	1.50896104250753
-1.45252358028065	1.69005164705486
-0.0311689810021638	0.0377464677585122
-2.59998435072214	3.00263273784256
-2.5478868503671	2.93301079612637
-0.000656921409607365	0.00115184118739095
-2.42279216797187	2.83811308003831
-2.26840812384989	2.67684203753098
-2.60469706613602	3.03678926562805
-2.3070153208889	2.69237253335627
-1.94907545843134	2.28453499927538
-2.61989406832971	3.05615690555771
-2.4425972070079	2.79356499452073
-1.82362817429942	2.11114364802462
-2.32510302910709	2.61440915689371
-2.57198236759288	3.0258384602069
-2.49554553403848	2.85314125123614
-0.152665484144719	0.187029628485389
-0.0608240082079245	0.0682382044941378
-0.705781621389807	0.831417756959497
-2.51790995721986	2.91939362626119
-1.38494563470317	1.5954857498617
-0.740994691318977	0.864857183817182
-2.40851543092334	2.72761556295381
-0.370729833734575	0.430327974652503
-2.59080176601409	3.00443432776367
-1.25003965998491	1.3466468241112
-1.9858096588515	2.39429161214149
-2.56759422340847	2.99039658955299
-2.47675076843889	2.96732899404246
-1.25109878175938	1.42457408546273
-2.1822263539228	2.5213674803467
-1.89102293506622	2.27644825962225
-0.207370381145396	0.239473976988894
-0.114095171204437	0.120943254382369
-2.56104095189819	2.97790762416828
-0.0506698921992585	0.0603662435628789
-0.870485622386668	1.02414801437365
-0.319477588130589	0.408677976997874
-1.23716813776043	1.45223091141189
-1.04068960662826	1.20934558451647
-0.0391448736218649	0.0411036339671792
-2.29314681992516	2.6676881941658
-2.59018751913329	2.9654786269719
-1.06394877877667	1.26896799502263
-0.401543218401032	0.500009277216006
-2.42287343235486	2.81939255063326
-2.50729030164885	2.82406985516897
-1.87436806371621	2.18031182011154
-0.0208995679791823	0.0259256341087195
-2.32968016623086	2.75624358286722
-2.57305159739971	3.03168600191996
-2.07529734407463	2.39505837303789
-2.49312261430496	2.89621276303926
-2.51909962003911	2.93896080121283
-1.92629881799249	2.27304895965573
-0.0649250702519356	0.0716138936131692
-1.00317935352582	1.18218207888804
-2.35184137461654	2.726544773779
-2.64519449459342	3.03842611969187
-2.44242523759519	2.8496848925902
-2.66683983828526	3.09222614285146
-2.42098297270061	2.88158244402488
-1.63557561822152	1.87346170159738
-2.57756911404957	3.03733988808695
-0.0212350564044877	0.0209886031890698
-1.83889784114669	2.20918827353917
-1.84918485829178	2.15564191111922
-2.00756453847164	2.3234930140549
-0.186247215379177	0.219973488508053
-2.58639150506616	2.97883682520567
-0.212905651841015	0.259216239854665
-1.68417113323457	1.91061879898945
-1.36797082770303	1.58216535963215
-0.360664751634622	0.413668162744442
-2.07243047668793	2.385790040919
-2.52873266070174	2.98649452454598
-0.628850555642224	0.742815216888787
-0.948135181149991	1.14817404497473
-0.717059905596534	0.813808794025805
-0.905532909114334	1.07917524849876
-1.14299363589375	1.30398195657755
-2.2482529760705	2.61824010455834
-0.671754350405036	0.787566863301232
-0.394972086907618	0.458429693693253
-1.39769894091418	1.54591522542621
-2.67039613884887	3.05577933124356
-1.28626294469858	1.50656580524774
-1.56685663742335	1.73334857796905
-2.57402144951937	2.99730462968628
-0.269597422503423	0.352659561827072
-0.495992422725183	0.505972323219198
-0.759974532215064	0.808742464896189
-0.81198188377623	1.00455660962042
