-39265.9751795392	38816.1502811785
-0.201924836493241	0.209001397510932
-1.14546645969188	1.13502772278455
-37.9903013165368	38.3709529851143
-1.27089988385439	1.28862677882031
-0.406628792313221	0.41224621199996
-33.4948859474505	33.8260691890866
-18.3756269656693	18.6290559259002
-21.1679819375127	21.3681759307682
-0.428619690753284	0.43512056984517
-37.573540110425	37.9119408899172
-36.9098372610688	37.2285922789047
-0.0128725501681485	0.0133498721305962
-34.939590052197	35.3030378166337
-32.8165349734883	33.1774904249078
-37.9725242919323	38.338650237681
-33.3387201092079	33.6716636705786
-28.1297930385618	28.4231082881201
-38.3049712398427	38.6727713515272
-34.5757978896262	34.8757001108776
-26.4229167229463	26.6649825509086
-33.2065109112852	33.4343637848627
-37.5865483434665	37.9777732775221
-35.3762955899925	35.6808179138321
-2.67848068035799	2.70166934967546
-0.860527585387304	0.866463005455727
-10.1750273812416	10.2864266693877
-36.3311654913971	36.6732479685853
-19.5705127190937	19.7547719520751
-10.9523031900559	11.054598150858
-33.640232039237	33.9133440973061
-5.20607431522526	5.25967170387239
-37.582946378918	37.9318247348741
-18.2114384691897	18.2582462861788
-29.0895712129131	29.4580203795494
-37.4792542080003	37.8354602582133
-36.7292870186623	37.1579349956803
-17.7696408141342	17.9148528739898
-31.6410957586499	31.9244647133468
-29.2877383495858	29.6036698440931
-3.10418248905297	3.12904940203472
-1.57262953570283	1.57636956669537
-37.2082001761866	37.5611332981596
-0.767897361557632	0.775941420286064
-12.9541624442914	13.0821141713692
-5.44772630692446	5.51945783502075
-17.69074313549	17.882851430969
-15.4116091969339	15.5485814320138
-0.538679865766994	0.539498455131376
-33.4707243625891	33.7854745593996
-36.9596393214462	37.2755876893121
-16.7904719001882	16.9482939424325
-6.8465293401212	6.92093233669837
-34.7756712641251	35.1201704495791
-34.9830126430659	35.249996383143
-27.4655910593614	27.7204639158162
-0.366024039467228	0.369601188865351
-34.2323152371466	34.6013709573591
-37.6367662794796	38.0329305507295
-29.9286804304896	30.1980232888889
-36.1593286453079	36.5009556003808
-36.6402159850847	36.9980231030867
-28.7431087195997	29.0327618960507
-0.869916118742227	0.875773022842554
-14.7076369570307	14.8617858312256
-33.4970816407315	33.8245710287962
-38.0726987279448	38.400725630252
-35.3535268663023	35.7039532518896
-38.7874474528392	39.1441196717927
-35.7298125721764	36.1300173315625
-23.8332563935744	24.0245100361802
-37.6121449998042	38.011169868607
-0.260425990396058	0.259980463777829
-27.4205775339553	27.7430465201181
-26.822472872841	27.0845084824118
-29.3113612788192	29.5725368986285
-2.62210361838324	2.65327788134081
-37.0475461668084	37.3810950437889
-3.46282858954354	3.49868801915082
-23.8426824176274	24.0316432326524
-19.7451834553943	19.9262721893983
-5.40683867657423	5.44671918001759
-30.0234425288734	30.2827865761822
-37.1064665998564	37.5016855060569
-9.12903186243695	9.22954823627066
-13.7919207697964	13.9755947183377
-9.8373476658299	9.92410214905746
-13.3404018034801	13.4921360891298
-16.3572604498342	16.4905422351984
-32.6597498260913	32.9744434332309
-9.78486255507624	9.88449199818915
-5.93623476781671	5.98588237438477
-20.0335315030972	20.1391964406519
-38.2549333030968	38.5763509490762
-18.7553620013927	18.9438799945939
-22.6670363417211	22.7817874462705
-37.3517435754762	37.7126005663845
-4.72956812871702	4.79684388206741
-6.38450862372557	6.38640372016338
-10.5320634663764	10.5592307083948
-12.5328210753102	12.7010364556351
