1206,2167,763,282,474,693,299,850,2056,628,1319,1540,378,1209,1968,326,1550,1318,2080,1522,1218,2270,537,1838,1721,1169,961,719,1133,993,374,1594,1229,2309,1487,2139,2366,1979,154,504,275,139,1576,1820,382,746,136,2203,1652,677
29,13,27,15,8,18,32,57,387,837,1925,1712,1800,1349,2227,1829,1972,1943,2238,1950,2268,2271,1894,2289,2293,2297,1964,1990,1856,2153,1664,2022,2123,2310,2358,2360,2367,2416,1788,1409,1888,2012,2422,2425,2150,2009,1836,2453,2497,1699
619,2205,643,161,260,498,595,571,1938,854,1034,1612,594,954,2143,184,694,1016,2146,1671,222,2196,953,1895,1702,802,1463,923,1230,1557,402,1714,1342,2311,1404,2045,2368,1921,434,579,254,829,1766,2021,477,773,217,2204,986,632
1092,2206,423,723,1128,1271,1753,1317,2151,730,1723,362,207,543,2057,177,197,1651,2239,1701,56,2188,1538,1732,1998,1212,367,696,1460,1192,949,1789,494,2312,1889,2131,2369,1518,508,682,239,1755,1202,2426,91,1354,58,2454,688,1055
251,1607,216,381,814,539,1609,1117,1992,1148,1129,1096,634,915,1898,957,442,879,2147,849,201,2189,1388,1929,1936,997,389,908,758,1340,247,1347,1223,2313,1363,2093,2370,1598,732,187,1451,269,1397,2427,1065,741,395,2455,1292,532
1501,2207,785,958,1072,779,679,982,2079,1105,1461,338,439,705,1874,155,194,1057,2240,1740,96,2272,975,1667,2007,1214,801,841,1108,1458,1542,1741,340,2314,1885,2105,2371,1467,1196,584,325,1774,1296,1995,122,948,46,2456,416,759
138,1700,133,510,1577,506,472,932,1907,1031,910,1756,293,1536,2228,331,936,1103,2059,852,1116,2273,288,1868,1641,1773,689,676,1099,960,120,1264,806,2315,1653,1991,2372,1495,858,695,645,1436,1364,1912,1525,115,955,2129,1266,536
956,2208,1240,245,672,485,1909,1221,2088,1728,1413,1802,1707,1183,656,372,1529,223,2173,839,95,2029,70,2037,1795,323,497,401,48,892,417,1239,1779,2316,1961,2025,2373,1618,1172,297,1657,1686,1369,2428,1283,1141,342,2457,1684,152
211,945,755,678,1341,748,1484,870,1588,1448,1578,962,114,918,2229,233,79,1150,2241,1421,306,2274,1316,1551,1676,1821,900,1152,500,1170,1188,1193,708,2317,1269,2100,2374,1406,749,377,898,588,1441,2429,101,1076,615,2458,1733,700
144,1957,97,42,1059,289,1563,1691,2092,927,519,1247,399,1175,2054,174,1646,587,1791,1256,935,2275,1412,1934,2043,1857,1432,1075,419,1446,287,1768,675,2318,1181,2086,2375,2038,153,654,894,370,1688,2430,1356,1257,206,2459,1910,405
1352,2035,150,435,1572,764,623,1274,1871,1762,952,316,652,563,2066,65,1291,1252,2242,1379,863,1953,1219,1891,1498,1114,538,73,531,445,426,1095,1411,2319,1658,2048,2376,1586,793,182,1046,994,440,2431,576,1481,807,2460,1744,729
320,2085,126,47,1118,448,1665,873,2064,1233,1047,1398,224,706,2006,151,1643,582,1852,1462,831,2276,1424,1962,1552,1901,1622,1006,581,1743,175,1521,589,2320,205,2157,2377,1639,230,458,941,1401,1666,2432,1365,1391,243,2461,1853,366
1186,2125,496,145,738,160,880,394,1476,1785,534,1124,383,917,2145,113,1023,386,2098,1474,657,2277,1494,1833,1737,1796,826,525,1003,1567,240,1469,1496,2321,812,1922,2378,1673,523,158,1343,1678,1154,2433,950,669,640,2462,1392,443
315,2155,148,98,816,418,1730,1405,1440,565,1389,1325,271,1226,1903,185,1049,1633,2004,1414,72,2278,1400,2053,1999,1767,1085,349,851,1351,444,1606,1583,2322,1559,2018,2379,2023,171,699,409,1655,1855,2202,717,836,107,2463,1532,461
265,970,428,319,1383,1305,1694,830,2144,1260,797,512,683,572,2076,1613,219,1526,2243,1122,146,2015,1012,1629,1980,972,610,433,604,1251,1470,1696,193,2323,1745,2032,2380,788,1110,799,1135,1603,479,2434,49,1384,1080,2464,550,969
438,2209,280,191,1422,926,1198,1228,2010,1564,1452,929,246,1375,2133,256,1537,1112,2112,1513,165,2175,1286,895,1631,1899,1549,334,431,467,210,1519,1282,2324,1797,2011,2381,1959,277,573,167,973,1826,2435,1127,928,37,2465,1751,790
800,1906,660,518,1323,364,853,914,1983,1827,1013,1313,924,621,1837,528,911,1242,2174,1151,199,1989,865,1865,1504,1044,336,118,311,1299,770,1029,959,2191,1386,1859,2382,1208,976,312,992,1372,1123,2089,481,782,162,2466,1660,574
1089,2047,218,359,1459,554,1021,783,2050,1265,1547,339,1161,1376,1803,255,241,991,2244,1426,283,2176,1418,209,1718,1630,1273,1032,368,739,798,1437,791,2325,1812,2115,2383,1243,756,450,295,1468,1473,2436,772,990,237,2467,1569,276
10,12,19,31,40,110,555,784,1919,886,1818,808,1544,605,2230,1454,1902,1900,2245,1905,463,2279,1520,2121,2103,1862,1877,1687,1770,1794,891,1956,1267,2326,1642,2361,2384,1841,1361,767,1716,1792,1942,2437,1668,1760,1153,2468,1390,1297
215,1846,515,489,1358,499,1263,1210,1659,1373,1382,1168,715,396,1425,866,1036,352,2099,951,415,2069,664,1908,1752,859,284,877,766,547,294,1000,1190,2327,1621,1958,2385,1366,566,369,862,724,1546,2087,1009,942,840,2469,1571,358
1336,2210,1285,252,1246,996,1904,357,2163,2001,1579,1624,1727,1781,406,1497,1602,190,2246,235,454,2091,198,1816,1478,649,462,135,68,771,1558,285,1322,2328,1967,1971,2386,844,1553,310,1822,1211,360,2438,889,1554,302,2470,2051,88
20,33,45,132,455,916,1396,516,2082,2164,1648,1977,1832,1704,1162,1920,1746,597,2247,617,611,2169,805,1965,1948,1130,1402,179,69,1419,592,1062,1808,2329,1697,1978,2387,792,1597,625,1864,1843,731,2439,1331,1776,1043,2471,2183,404
1683,2211,697,452,1619,702,1158,436,2136,1790,1599,1249,1149,1545,391,1573,1270,728,2248,317,432,2117,501,1307,1754,742,624,492,157,1486,128,212,980,2330,1806,1883,2388,843,614,328,509,1674,1030,2171,692,1360,878,2472,1823,186
111,521,238,353,794,343,1574,871,1807,1203,421,1191,665,1106,1935,856,1306,644,2081,1224,983,2180,1237,1645,1887,1617,1199,213,666,1447,1035,1531,1037,2331,1503,1869,2389,1216,546,384,329,1253,1327,2126,305,906,575,2473,1858,503
893,1783,613,876,809,931,925,300,2042,1839,1570,655,596,1377,2135,134,629,709,2186,1533,231,2118,1359,1275,1719,1308,1596,505,811,1455,984,1717,253,2332,1814,1914,2390,1109,642,486,1125,1179,734,2039,54,747,112,2474,1088,674
1173,2017,787,78,1491,824,1892,379,2030,1854,414,1483,1489,1456,680,1293,1178,84,2249,1220,540,2137,1303,1677,1931,1200,147,102,129,1771,1381,457,740,2333,1523,1799,2391,658,1187,530,1509,1809,249,2440,600,1672,286,2475,2020,425
635,2065,561,163,979,413,1255,819,2019,1698,345,1604,221,526,1693,410,1189,743,2152,1508,259,2161,815,1974,1882,757,659,1017,437,1500,636,1147,1288,2334,1640,2075,2392,1367,744,227,691,1028,1582,2441,1097,737,272,2476,968,491
1019,2212,169,828,1761,735,192,189,2172,1963,1295,1706,650,1591,2107,622,1534,933,2250,1197,130,2148,1082,1485,1911,1244,159,855,1184,987,1018,279,1054,2335,1811,1801,2393,775,119,796,203,888,977,1975,965,1008,173,2477,1873,1041
813,2213,1453,1294,244,768,1996,1115,2109,838,1663,1020,753,476,1309,149,303,902,2251,1278,195,2049,842,1695,2008,578,1872,1067,124,1033,1180,1445,714,2336,1966,2003,2394,1580,1326,274,460,1813,1703,2159,137,810,77,2478,373,789
567,2184,627,1174,1506,921,985,513,2070,1819,1614,1083,1442,751,646,541,681,330,2252,1113,711,2280,847,1560,1817,1290,1720,93,356,745,1449,226,832,2337,408,1933,2395,1086,1144,281,1027,1628,1052,2002,1131,671,123,2479,1420,420
698,2194,86,684,1066,736,1471,1298,2031,468,1480,967,116,890,1918,85,322,1600,2014,1087,424,2197,1074,2000,2040,1680,633,630,940,834,105,1464,1466,2338,1516,2134,2396,1917,612,488,141,1804,1775,2442,1004,1194,103,2480,1954,618
864,2041,490,502,901,484,1163,774,1870,1410,1176,1535,598,1022,1592,385,533,944,2097,1025,712,2181,267,1947,1225,1601,1262,716,609,1195,913,860,835,2339,1328,2072,2397,1584,648,290,607,1058,1528,2101,183,560,142,2481,1482,459
1344,2214,947,407,601,314,559,1407,2110,1867,1616,943,1159,1171,1690,62,845,651,2253,1084,278,2281,332,1793,1417,1079,1427,568,733,1568,1710,1142,974,2340,1765,2192,2398,1939,429,307,304,988,1662,1722,430,857,61,2142,704,475
44,26,14,4,3,9,21,35,164,1094,1994,2223,1944,2127,2231,2074,2068,1988,2254,1916,1713,2282,2141,2290,2294,2055,2104,2199,1772,2303,2149,1952,2307,2341,2185,2362,2399,1897,2052,1610,2166,2201,2423,2443,2449,1976,1955,2482,2498,1987
451,1949,527,557,919,780,1429,1056,1884,1634,817,591,718,412,2095,1026,1231,1254,2255,1337,602,2108,1348,1100,1736,1393,558,818,608,309,1139,720,1222,2342,1310,2028,2400,1345,456,464,750,117,1060,2078,348,204,553,2483,1782,686
143,562,266,403,1120,903,1880,971,2132,1758,1312,1769,447,1362,1847,1321,1626,1134,2256,545,242,2034,52,2013,1685,939,762,380,67,548,1689,721,1479,2343,1835,1913,2401,821,1338,465,1562,874,1145,2444,453,1329,887,2484,2061,140
261,38,23,5,1,2,6,24,39,262,2222,2224,2225,2226,2232,2235,2236,2237,2257,2267,2269,2283,2288,2291,2295,2298,2300,2301,2302,2304,2305,2306,2308,2344,2359,2363,2402,2417,2418,2419,2420,2421,2424,2445,2450,2451,2452,2485,2499,2500
1167,2027,1165,371,670,727,1878,1355,2062,2058,1138,1951,1585,1670,603,713,1608,346,2195,466,83,1986,100,2071,1778,803,376,544,43,344,1146,333,1581,2345,1830,1969,2403,1428,1493,257,1724,1236,861,2446,1014,1038,361,2486,1780,127
1301,2215,930,586,1824,1104,1370,1098,2094,1644,1475,795,172,907,1735,59,397,1371,2258,1750,196,2284,1314,1620,1845,1566,1350,446,1416,1015,1589,1515,701,2346,707,2200,2404,1946,74,535,188,1248,1053,2063,131,875,82,2487,1403,268
1235,2216,1166,964,301,1279,1876,909,2120,1960,1565,1632,232,896,1234,75,166,1444,2168,1111,181,2026,551,1757,1928,868,1725,1346,327,585,1638,1548,590,2347,1679,2033,2405,1605,769,225,478,1556,1510,2128,106,884,53,2488,599,869
1499,2217,593,90,1539,552,1844,823,2116,1324,1241,1387,569,321,1001,663,1339,1261,2187,1669,202,2130,449,1886,1815,524,1465,653,912,647,1335,1555,638,2348,398,2165,2406,1831,390,248,848,1705,1477,2024,365,989,63,2489,392,881
487,1575,270,687,480,470,1238,867,1763,825,1505,1507,354,882,1825,781,1258,1227,2179,1287,637,2177,1063,1747,1450,1457,667,846,703,1232,760,1143,1081,2349,872,1937,2407,1777,273,422,473,1353,920,2119,626,178,520,2490,1654,200
1332,2218,1304,347,1140,752,1090,1311,2084,1881,1595,1502,441,1101,1786,64,934,1334,2259,1374,104,2102,726,1561,1490,1042,1715,966,577,522,1217,1726,937,2350,1177,2154,2408,1973,176,292,214,507,1611,1970,236,1126,71,2491,469,1005
11,22,30,34,125,76,722,1280,2016,1993,1443,1890,1649,1932,2233,1268,1650,1798,2260,580,1380,2285,1207,2156,1997,2122,1438,1512,778,1805,1915,1842,662,2351,1434,2364,2409,1834,1435,820,1729,777,1070,2447,1091,1185,313,2492,1623,822
1182,2219,999,108,1590,804,1205,1289,2036,1924,1492,1866,754,1272,1982,87,1423,1415,2261,1711,668,2198,1395,1394,1543,1849,1155,827,495,355,631,1593,1527,2352,220,2106,2410,2111,50,229,89,529,1675,2044,263,1064,94,2493,963,583
1431,2077,1157,1077,946,308,341,1107,2073,1517,1408,725,1071,938,2160,250,564,1132,2262,1731,620,2190,1160,1073,897,1215,1637,1050,786,1204,1024,1627,776,2353,1587,2046,2411,1840,904,556,170,337,1164,1734,180,393,92,2162,483,351
1385,2220,1121,1137,673,1039,1378,710,2124,1635,1625,493,1040,228,1511,81,234,905,2263,1861,156,2178,517,1708,1984,616,1315,995,1368,1069,1250,1661,291,2354,1742,2114,2412,1738,1002,641,998,1739,1156,1927,66,922,51,2494,411,511
16,7,17,25,28,36,55,350,1259,1896,1926,2140,1893,2005,2234,1940,1787,1851,2264,1875,2113,2286,1213,2292,2296,2299,1051,1357,1759,2158,1930,1848,606,2355,2138,2365,2413,2170,1439,1692,1879,2182,885,2448,1488,1281,1277,2495,1863,1284
1048,1850,1093,335,1320,258,899,1011,2096,2083,1709,1941,1472,1636,471,685,1430,482,2265,639,1061,2287,121,1923,1828,1433,168,427,60,1514,1681,1276,1300,2356,1810,1981,2414,1078,1201,298,542,690,324,1860,765,1068,99,2496,1682,318
1330,2221,981,1245,549,833,1119,1136,2090,1524,1530,388,400,1010,1985,109,264,1045,2266,1102,80,2060,1007,1656,1749,1302,1615,883,661,1333,1399,1541,570,2357,1784,2067,2415,1748,761,363,296,1764,1647,1945,208,978,41,2193,375,514
