657,288,2148,1401,1927,1372,1611,2276,1472,2311,1908,1597,398,283,2357,728,750,1221,1469,599,2404,124,2040,2082,582,960,1131,754,1080,739,441,1505,615,2138,1509,940,1207,1277,1365,1633,1140,181,2182,505,1498,1713,260,415,145,154
196,899,2053,1072,2260,1502,570,2277,1736,2312,1547,592,476,563,2358,689,1167,800,721,1451,2405,695,1369,2164,664,1712,1169,1331,574,1431,1239,743,186,1607,536,598,580,902,1912,1393,1005,629,2181,978,1590,548,907,1219,53,106
14,21,29,44,279,275,686,1872,2072,2313,1562,1995,553,303,2359,667,1772,896,547,2035,2406,1116,1849,2459,1511,2006,1750,1910,1926,2013,327,1803,1570,2192,871,1347,1396,1543,2098,1955,1885,1241,2489,1139,1837,1920,801,1788,921,307
1266,1263,2046,1049,2235,1448,1412,2278,1809,2314,1149,1650,1093,55,2360,403,517,1536,1545,1524,2407,257,2121,1970,716,1191,175,442,1942,138,1659,1464,707,1936,1494,1348,735,1626,1706,1326,1004,31,2109,729,226,1705,94,508,951,569
20,16,13,15,27,46,207,535,1291,1977,2130,2352,962,1519,2361,1963,1754,969,1274,2018,2408,1554,2455,2460,1925,1786,731,2070,2141,2171,1146,1758,1891,2476,1949,2034,2017,2055,2179,2116,1327,1286,2490,1226,1862,1339,1888,1846,966,702
1236,933,2232,206,2261,1128,1324,2279,1806,2315,1756,1984,924,187,2242,50,1476,1405,824,1465,2409,329,2096,1484,515,1565,143,1052,1887,370,1374,658,1031,2086,996,1270,197,986,1500,1224,1228,330,1962,356,465,1630,839,576,696,546
336,460,2246,1573,2236,1893,1830,2280,1795,2316,1952,1896,1096,142,2362,426,837,1701,1782,1855,2410,95,2100,2149,887,1227,423,487,1592,57,827,1287,1233,1654,1656,1164,1197,1459,1145,1571,1363,39,2021,698,248,1868,74,108,1209,514
25,12,3,9,4,18,30,125,673,1965,1776,2353,1981,2005,2363,1053,2150,1989,2045,2145,2411,1929,2456,2461,2117,1853,2466,2163,2210,2471,1903,1990,1985,2477,2165,1895,1359,2118,2169,2031,2020,1960,2491,1996,2137,1278,1880,1968,2014,1982
1125,1446,2222,1567,2262,1063,1901,2194,1724,2317,1335,2073,810,318,2364,235,727,1643,1293,1833,2412,188,2052,2185,650,1761,301,611,1917,45,639,1113,1462,1831,1640,562,1057,1799,1001,1127,1453,62,2080,91,157,1930,212,1041,1011,233
10,5,8,19,28,88,338,1138,1922,2215,2143,2146,1621,350,2365,637,1764,2151,2085,1902,2413,1068,2457,2462,1638,2016,1975,1742,2469,1443,2015,1980,1687,2478,2033,1415,1870,1940,2216,2088,1921,1194,2492,1315,1338,2084,388,778,1785,1876
366,1153,1992,1055,2205,1490,1045,2213,1690,2228,1122,1775,901,121,2366,605,979,617,1098,1202,2414,1009,1931,2114,530,1647,247,865,1771,109,1044,1403,572,1677,1489,1304,473,1417,1407,1104,870,320,1737,488,355,1082,61,722,719,803
147,410,1176,942,1967,367,1316,2227,1740,2318,1269,1307,845,64,2367,433,1178,1552,1210,1250,2415,1016,1665,1948,982,1047,943,932,2010,991,1119,1302,531,1933,1321,1585,760,1485,653,414,773,266,2004,585,1409,1436,295,533,462,343
210,586,2247,1368,2167,1838,1708,2281,1297,2319,1805,1730,700,180,2368,421,1106,950,1466,1894,2416,469,2173,2102,1276,1563,119,983,1367,41,1002,1179,1292,1879,1231,977,775,1978,872,1655,1666,169,1971,1189,289,1779,131,174,948,205
1475,349,2248,1023,2263,1727,1768,2282,1610,2320,1762,1864,1051,528,2369,877,359,1828,1279,1095,2417,228,2092,1826,344,1188,1064,230,1924,220,1360,917,890,2158,849,1354,566,490,1397,1288,1043,98,1860,347,395,1566,48,621,649,786
26,37,211,405,1223,1596,1798,2206,2024,2321,1991,1800,846,160,2370,402,1230,1821,1959,1572,2418,372,2177,2221,878,1580,492,1418,1932,140,1507,1526,1546,2136,1623,1584,1151,1943,1796,1753,1175,137,2061,704,386,1747,192,264,1380,937
607,455,2249,452,2264,1988,1957,2283,1858,2322,1974,2002,115,258,2371,1110,660,771,1615,1979,2419,150,2139,2128,448,723,105,717,772,685,1745,560,961,2201,1680,691,451,1951,2075,1836,1774,35,1950,1203,1882,1133,69,1794,273,227
417,529,2223,756,2217,1755,644,2284,1391,2323,860,903,549,628,2229,274,537,927,858,1351,2420,1281,1520,2152,914,1447,1474,822,761,83,675,1313,821,952,1411,1693,543,1029,1741,1426,1604,730,2054,852,112,1575,454,129,759,669
357,502,2250,684,2191,1646,2026,2285,2189,2324,2110,1986,296,509,2372,278,383,1624,1783,1851,2421,201,2119,2203,519,1099,179,1070,1899,73,526,910,1088,1999,1402,1254,540,1934,1259,1841,1852,60,2156,428,444,1973,254,1038,1073,93
1028,631,2193,223,2237,1780,406,2286,1765,2325,970,1606,82,636,2178,232,1198,1300,1078,1416,2422,708,534,2244,789,1662,107,1243,1222,1622,915,1272,990,2115,610,625,464,612,1003,1442,1092,321,1954,335,1540,1314,718,1726,828,334
1020,737,2230,404,2265,1668,862,2287,1208,2326,1661,1669,575,170,2202,221,1165,1161,1614,926,2423,1358,1695,2172,340,755,1422,1535,802,78,1738,1599,831,1444,1530,1384,1137,955,769,1332,1102,567,2144,788,242,1471,193,51,522,780
299,34,22,6,1,2,7,23,36,300,2351,2354,2355,2356,2373,2399,2400,2401,2402,2403,2424,2454,2458,2463,2465,2245,2467,2468,2470,2472,2473,2474,2475,2479,2481,2482,2483,2484,2485,2486,2487,2488,2493,2494,2495,2496,2497,2498,2499,2500
118,504,2224,1689,2153,1595,1006,2288,1083,2327,1357,1356,1156,419,2374,413,1159,790,1014,1608,2425,337,2200,2142,1377,1791,277,1618,659,40,944,1026,992,1143,1551,1237,959,1320,1683,1649,1810,306,2176,799,185,1883,203,136,1066,379
384,1087,2233,1450,2266,1873,1389,2289,1018,2328,1134,1946,1157,117,2375,437,889,974,1612,1731,2426,380,2049,2048,963,1345,282,374,1034,56,1211,1528,1158,1481,1504,666,984,1330,1719,1513,1419,151,2122,681,195,1898,87,103,1343,794
434,1061,2029,811,2212,523,1871,2290,2120,2329,2064,2069,573,1728,2376,294,353,1865,1353,1721,2427,218,2074,1905,253,1848,578,312,1842,346,484,798,1370,1998,1439,443,908,1874,1383,1486,1749,79,2058,63,339,1508,319,1714,1199,75
1413,1152,2251,424,2267,1512,1103,2291,1213,2330,976,1939,1091,250,2243,438,1381,1264,603,1760,2428,538,1732,2044,471,1129,993,271,965,110,1636,1245,1177,1480,1310,368,757,1185,1637,1257,1594,146,1766,784,141,1877,155,317,825,1033
518,843,1820,495,2101,1414,128,2292,1722,2331,1430,1875,493,458,2377,345,1215,1435,1309,968,2429,1256,1682,1840,838,1322,267,557,1523,893,1432,1261,1007,1516,1166,998,198,1398,853,1181,1067,432,2036,577,805,1404,480,311,297,499
791,590,2252,59,2226,1100,1781,2293,1046,2332,1108,2155,139,1844,2378,178,758,396,1829,1437,2430,261,2103,2190,361,1886,980,1130,746,1958,1387,774,1549,2071,1717,391,184,1784,2111,1674,1892,90,2077,333,997,1531,854,795,200,163
1260,964,2183,483,2268,1056,1180,2294,1827,2240,1854,895,381,1136,2379,122,652,1819,1366,1538,2431,430,726,2108,953,1539,360,840,900,1170,1154,1676,539,2078,1468,1325,711,1065,1392,1162,1308,97,2023,70,369,1290,1037,841,474,42
701,565,2253,1123,2238,1200,1839,2295,2041,2333,2105,2198,579,1814,2380,116,645,1811,1529,2022,2432,158,2038,2160,362,1553,194,420,1906,71,219,787,1670,2027,1790,752,555,1994,1517,1642,1867,72,2094,229,217,1681,408,1253,1220,80
255,949,2124,939,2028,1333,331,2296,259,2334,1815,1229,892,1022,2231,875,745,826,510,1560,2433,1147,1054,1818,816,1869,1317,1249,208,165,1285,1060,1246,1204,1456,322,1107,1299,1773,1506,1427,556,1817,742,817,1675,304,313,204,884
863,807,2211,256,2269,1769,1319,2239,1027,2335,1603,1423,475,905,2381,596,427,373,690,1915,2434,99,2157,2037,127,1470,1201,646,239,958,779,1190,734,2174,1075,1802,797,1878,995,1734,1653,120,2097,378,1323,1617,753,1467,324,167
1071,861,2113,76,2207,1000,541,2297,705,2336,1225,1808,551,286,2382,879,285,842,1115,1692,2435,513,1521,2068,113,1694,1424,411,741,1699,677,633,975,2104,1168,1234,733,1629,1918,1421,1441,606,2204,249,1458,1454,284,699,830,245
906,1445,2254,1217,2270,1425,1280,2298,1923,2337,1777,1825,829,613,2383,491,241,987,1588,768,2436,399,2062,2043,472,1283,1477,604,928,148,1346,806,591,1121,1094,358,595,392,1822,1267,1564,382,1972,149,243,1406,520,634,714,494
390,280,1497,468,2063,1739,293,2299,936,2338,1544,1961,782,418,2384,66,342,1206,1342,1514,2437,364,466,2123,1074,923,1344,581,679,1652,1746,1555,1124,2083,988,1255,1303,1388,2019,1429,1625,363,2132,161,589,1767,252,1495,683,272
354,385,2154,1173,2000,1619,1076,2300,1013,2339,1663,1126,1021,101,2385,323,868,532,1757,1518,2438,1195,2003,2196,1035,947,164,1602,1337,81,1632,1352,856,1548,1132,1577,770,1334,1212,1399,1328,624,2112,873,315,1569,182,49,732,834
662,883,2186,1050,1983,857,814,2301,1884,2340,1214,1847,622,706,2386,305,850,1012,1265,1628,2439,869,2093,2051,697,1718,1118,929,1378,68,836,1039,1019,1759,1273,804,956,1483,544,600,496,189,1956,144,671,973,409,934,818,176
477,909,2255,479,2187,1205,1793,2302,1904,2341,1987,1997,240,190,2387,594,412,985,1723,635,2440,114,2126,2066,310,1657,1601,559,1587,748,1583,1355,1042,2170,1350,341,904,1336,1707,1557,1084,65,1703,130,1501,1660,216,1379,435,270
919,371,2059,394,2188,1373,290,2218,1579,2342,670,1578,999,521,2199,314,661,1449,1685,1079,2441,516,1770,2087,744,1582,1252,713,1863,332,1238,898,614,1937,365,844,656,1059,1651,1242,1275,497,1733,647,400,793,222,848,687,450
316,880,1919,655,2162,680,1664,2303,792,2343,1306,1866,823,92,2388,126,1144,715,309,925,2442,967,1969,886,485,1218,981,692,620,1382,501,1341,916,1907,1318,431,725,1634,1748,1117,1048,561,2147,712,1289,1375,558,1032,812,292
888,1010,2095,135,2208,1492,401,2304,783,2197,1040,1850,796,123,2161,642,276,820,1408,1541,2443,1301,1376,2060,597,1488,935,1258,882,453,1550,1434,881,1856,859,694,1008,1533,1845,416,1036,618,2134,751,459,1400,58,619,668,527
920,1172,2234,724,2271,885,1641,2305,1251,2344,1671,1586,1182,231,2389,263,832,1697,640,1702,2444,511,1763,1935,422,1631,946,609,922,236,1361,651,1090,1141,1296,638,672,957,2030,867,833,224,2099,678,237,1561,265,351,641,608
912,1216,2256,945,2272,1787,1525,2306,1120,2345,1778,2065,1142,298,2390,478,1616,894,864,1843,2445,550,1909,1581,767,1600,601,132,674,96,781,1503,1081,1155,1184,710,874,1658,1247,1171,1452,67,1913,740,133,1812,177,225,866,738
11,17,24,32,38,156,251,1089,1673,2091,2067,2184,1589,1709,2391,1262,1420,1479,785,1816,2446,1598,1889,2464,1532,1789,1797,1329,1410,1240,1461,1976,1834,2480,1947,588,1729,2011,1857,1890,1897,663,1015,1801,1941,1916,498,1881,815,1510
1433,1298,2257,813,2273,1395,583,2214,777,2346,682,2008,1069,162,2392,463,1340,584,989,1591,2447,1364,2025,1613,749,1752,489,376,436,85,1686,1704,931,676,1691,835,1112,1282,1813,1294,1527,593,2089,500,134,1105,86,287,693,1025
1086,602,2258,1058,2274,1720,1861,2180,1085,2241,2007,2056,762,153,2393,166,215,1627,1609,1473,2448,52,2107,2140,503,808,461,571,632,102,1648,1542,1174,2168,1667,1620,1101,1832,1953,1305,1696,33,2127,171,688,1744,291,1807,425,449
199,623,1751,302,2081,1135,1192,2219,1593,2209,1710,1522,626,507,2394,506,564,1371,542,891,2449,440,2050,1966,407,1460,809,819,1062,703,1196,954,482,2012,1114,1311,709,855,1349,1109,445,524,2159,766,1385,994,643,525,387,397
1024,1017,2259,244,2275,1928,1478,2307,1993,2347,1559,2042,191,1295,2395,446,764,938,1964,2001,2450,152,2129,2131,172,1428,470,389,1725,720,486,447,1804,2220,1944,268,213,2009,2079,1859,1735,47,1835,554,1911,776,308,1938,214,100
1244,1148,2106,630,2057,1678,238,2308,1574,2348,1440,1716,1193,1499,2396,545,439,1457,1515,971,2451,262,1688,2125,429,616,246,348,930,481,851,648,918,1914,1645,1700,512,1743,2032,1394,1558,54,2039,234,552,1284,587,1491,173,457
328,377,2225,1186,2195,1568,1187,2309,1900,2349,1945,1715,1160,111,2397,281,568,1487,1534,1644,2452,326,2047,2175,1271,747,627,941,1493,43,1679,972,665,1248,1438,1635,1111,1163,1312,1576,1537,77,2076,654,269,1792,183,159,911,736
209,375,2166,1482,2135,1711,1362,2310,765,2350,1672,1463,1268,168,2398,847,1030,876,1235,1824,2453,763,2090,1684,1386,1496,202,456,393,89,1639,1077,1150,1183,1556,1455,913,1232,1823,1390,1605,352,2133,1097,325,1698,104,84,897,467
