1.08419963625302	-0.817547482217402
0.0355473730716345	-0.0283951772704138
1.83241343643402	-1.38653544375928
1.8176203210346	-1.37697091227036
1.10421761551496	-0.868954390350973
1.88694482646964	-1.42884183989748
0.853029506046051	-0.661395506965785
1.80252527996705	-1.37650303255053
0.577797576520974	-0.447995380385633
0.404089135442704	-0.327988731438926
2.48395804267572	-1.93023330043482
0.8000387056684	-0.641490898231724
2.11053656154039	-1.63841915432647
2.13883982592539	-1.64805970372459
0.223531206007496	-0.172865981336927
2.19464132250259	-1.7047782220043
2.45922140570064	-1.90864466743747
2.37976862153658	-1.85560763947255
0.158354928485285	-0.122416017158859
2.57578176284562	-2.01063744798829
0.47039379926591	-0.38560083335396
0.107949322054764	-0.084925940439498
2.22637361905973	-1.72541220017376
0.7166221711326	-0.548286210946627
0.337784889240222	-0.254234203272821
0.542231751533745	-0.430471463296464
2.18598373202586	-1.7126618286644
1.09806533227675	-0.885587205697503
1.95006391608067	-1.48134585785629
1.21947231164648	-0.941262778628099
2.11171421285129	-1.62298802025346
2.6334651507503	-2.05972983761662
0.741108602466251	-0.613246594205439
0.0143077966721287	-0.0117942473565035
1.50075896047884	-1.170437176083
0.232437111438063	-0.186978232016345
0.00226094306481596	-0.00183173147537982
0.470285251536225	-0.379897902449489
1.90504754940674	-1.44436527171973
1.6632836650223	-1.24920812444058
2.3221039319944	-1.80059473491827
1.49562375304465	-1.16558180553497
0.621662125325186	-0.515209278345308
0.13570680682588	-0.109543296621015
0.654698530251042	-0.540873942231191
2.30002157071051	-1.78109264897334
1.63373686745648	-1.21955086397113
0.055773643241318	-0.0459990406022486
0.558595779807099	-0.444209567820319
1.85623256288387	-1.40390190363329
