385,8515,8589,2429,8634,8696,1154,8254,8781,8782,545,1049,8877,4289,7963,670,2780,6950,666,5880,7206,256,2933,1950,9003,9016,9117,2470,7886,8296,5791,9143,1369,694,4133,817,2467,8052,2979,165,9204,9268,1102,9369,9470,8325,7921,8103,9503,648,1941,1275,4951,6939,7449,1724,9625,3004,3991,6968,1301,1651,927,9740,7777,7281,697,3417,1211,3597,3335,4060,9864,7111,7266,1126,9974,1613,8162,6086,8430,7859,4324,2479,10060,8228,8115,10080,8499,2231,10125,10141,1007,1027,10166,1117,3306,4834,10186,7911,4552
364,25,7,14,36,51,68,552,2824,8241,8141,8874,8878,4013,2278,5507,3662,1686,4120,2418,8049,8994,2497,6211,9004,9017,9118,7397,7876,9133,4717,9144,3365,8169,1741,5591,2087,9191,7432,9200,9205,9269,8170,9370,9471,9480,9489,9495,9504,5587,7217,9608,9612,5146,5829,8355,9626,5457,7493,9729,7987,6504,8356,9741,9841,1764,7899,3886,7185,4990,9854,6544,9865,7675,7988,8173,9975,4620,10023,8333,10036,10047,10057,5164,10061,6024,10073,10081,10102,6115,10126,10142,10159,6919,8191,10173,3745,10179,10187,10192,7912
412,993,2475,3677,6985,7947,6242,6286,7093,8783,7352,3442,8879,4875,3653,5411,2901,7518,7083,153,4446,6312,5384,2480,5174,9018,7198,1911,1136,7610,1094,6615,7313,904,1952,7467,3474,4285,5362,152,8471,9270,7235,9371,3743,1846,3754,3326,9505,3577,7173,572,107,2170,341,5263,9627,1125,4068,5301,5875,7090,4462,9742,3258,1751,5747,5064,6388,3311,691,6737,9866,6391,6061,7307,8281,5380,5236,6948,10037,5666,4986,7717,7848,4389,4816,8335,8109,7529,7961,8024,3041,5662,6187,1133,5515,484,67,3040,1601
350,8516,8590,5978,8635,8697,4818,6218,6383,8784,3736,7292,8880,1802,264,5671,2989,6895,2520,536,6513,5584,2946,2851,5868,9019,6453,2050,1163,6785,977,8159,6472,2319,2437,5581,4769,1758,5800,62,9206,9271,5241,9372,2244,6183,2961,6573,9506,5977,1746,205,358,575,210,7674,9628,1547,3891,7740,5696,4097,3524,9743,2562,1280,6081,4226,5337,5129,2629,5006,9867,4837,6142,5510,7186,4527,3339,4917,7616,4350,2270,4876,7462,3211,3937,5542,8500,6377,7865,7621,1666,6983,6809,1947,6299,806,5353,7625,681
413,2693,5055,2774,7874,8377,5376,2202,7997,8785,6559,4863,8881,2674,1528,4996,2718,125,4890,325,5798,2439,5173,1574,3807,9020,8256,6543,2222,7727,4905,9145,6960,113,703,7491,2910,7133,7078,448,9207,9272,7478,9373,7027,7425,6954,7453,9507,7251,3534,176,586,2758,1606,2567,9629,2213,7627,8006,6894,7218,5831,9744,7588,454,7374,2612,7037,1867,1544,7140,9868,4984,3229,8153,8480,6190,3057,6932,8114,6371,6761,6245,8283,1808,952,10082,8501,7399,8440,7901,132,7701,4360,279,2779,3605,5758,3093,2827
390,30,9,15,33,48,63,355,2143,7672,7738,8068,8882,1616,1669,3178,7110,2508,6804,2589,8989,8995,5178,5834,9005,9021,9119,6796,8151,9134,4149,9146,2755,8186,1558,6250,5138,9192,8200,9201,9208,9273,8187,9374,9472,9481,9490,9496,9508,7404,7357,9609,9613,5945,3059,9619,9630,5827,2533,6823,7300,7747,9736,9745,9842,4006,9848,5080,5903,5161,9855,5303,9869,7923,7531,9969,9976,5026,10024,8365,10038,10048,7896,6963,10062,8309,10074,10083,10103,7249,10127,10143,10160,6673,10167,10174,4521,10180,10188,10193,10199
342,8517,8389,3383,8249,8698,5484,1447,2374,8786,2892,5003,8883,1017,4311,4485,1716,4408,5436,1833,890,845,4731,1594,8017,9022,7178,3385,4372,2900,615,8403,2670,2292,1793,1002,2690,3840,4357,3183,7613,9274,5144,9375,4559,4253,4269,3980,9509,5887,3218,2458,2021,2164,1670,5078,9631,2063,4557,2822,4723,4519,1837,9746,5225,1440,1563,3816,4098,2251,3514,3002,9870,2393,5658,5898,8481,2721,6000,2943,4911,6162,2804,4558,6874,918,6578,7509,6670,2784,4403,7870,442,4239,2240,1511,1972,3549,2716,1138,979
414,8518,8591,980,8636,8699,5739,2007,7654,8787,5049,2754,8884,3966,3023,4296,5501,3477,3561,1340,5497,2309,6181,3176,5673,9023,3602,2310,5137,7293,1506,7564,2133,2040,801,4453,4710,4567,4201,89,9209,9275,3086,9376,1794,5855,4080,6215,9510,6460,2986,1196,629,1172,551,5807,9632,6052,3726,2830,5856,4279,2091,9747,4561,1295,5955,1336,2815,1925,807,1335,9871,3777,3275,5553,8189,3548,5527,5558,6930,7669,3719,4974,7680,3919,5437,7849,7664,6728,8266,7721,2657,4648,6084,4405,5110,632,249,4383,500
368,8519,8592,6523,8637,8700,7623,7069,7574,8788,6548,6711,8885,2089,645,5676,2641,4509,3143,985,6536,4245,5101,1187,6220,9024,3735,4610,2837,5902,772,8078,5653,651,3953,7053,1151,3267,3278,108,9210,9276,6632,9377,5938,6771,1863,5835,9511,2264,3173,91,724,498,1223,6541,9633,1687,6134,7689,6228,5707,6022,9748,4231,1359,6386,864,3595,5065,1518,2404,9872,5465,4505,5610,7593,5936,5656,3704,7222,4955,1994,1103,7318,3614,4459,8264,8387,6853,8441,8287,2833,6883,7204,1495,6035,1139,1005,7824,330
392,31,42,56,84,569,1021,2501,7197,8459,8348,8875,8886,1232,1032,7344,3293,768,5946,1099,5615,8025,3428,3234,9006,9025,8051,7321,4393,8350,2331,9147,7530,735,673,6007,2015,8353,8299,7126,9211,9277,8414,9378,9473,9482,7843,9497,9512,7527,5954,748,3575,2582,3429,9620,9634,1836,7272,8161,6205,5859,9737,9749,8172,1048,7589,3836,8219,2905,9856,2579,9873,7539,7317,9970,9977,4871,10025,7878,7175,10049,8041,3445,10063,1703,6437,10084,10104,7665,10128,10144,5699,7366,5399,796,7051,8311,7622,8312,7890
356,8520,7995,1592,8315,8701,4887,3371,2975,8789,3152,3449,8887,1420,3835,4179,2870,4063,2772,1086,5923,3337,4926,1239,5154,9026,7141,3105,3502,5141,2528,7558,2664,1271,1059,4923,3650,2775,2260,1562,8408,9278,4196,9379,1457,4205,2722,2073,9513,4503,1508,1554,1119,1468,1710,2642,9635,4650,3830,5907,3455,5083,2881,9750,2838,709,4417,1960,2714,2034,1202,1050,9874,2996,3390,5375,7767,2840,4089,2390,1913,4589,2383,3319,4898,1653,4093,6850,7991,4143,4912,7830,2826,5250,2676,1317,2179,3070,4661,4987,1842
306,8521,8345,3281,7996,8702,3239,1085,6227,8790,1282,4330,8888,2346,4971,3403,3586,850,6339,2078,1400,1445,5390,2428,7649,9027,6385,2741,4105,7076,617,8199,3416,1170,240,2060,5341,5184,2287,1797,8381,9279,1888,9380,3063,5425,2153,5727,9514,5620,3578,2408,1932,1642,1676,6279,9636,6091,3615,6602,4569,5968,4224,9751,6157,1442,2105,4548,5208,2145,2031,5119,9875,3691,5869,6988,8361,3196,6731,3389,7494,4808,2232,3647,6534,2488,6163,7418,7992,1892,6662,8166,643,6180,3179,631,1397,2593,837,960,1474
415,60,45,22,1,2,23,46,61,438,8873,8876,8889,8978,8979,8980,8981,8983,8986,8988,8990,8996,9001,9002,9007,9028,9120,9127,9128,9135,9142,9148,9183,9184,9186,9188,9190,9193,9198,9202,9212,9280,9368,9381,9474,9483,9491,9498,9515,9604,9607,9610,9614,9617,9618,9621,9637,9726,9728,9730,9734,9735,9738,9752,9843,9847,9849,9851,9852,9853,9857,9862,9876,9965,9967,9971,9978,10022,10026,10033,10039,10050,10058,10059,10064,10071,10075,10085,10105,10122,10129,10145,10161,10164,10168,10175,10178,10181,10189,10194,10200
365,8522,8593,6910,8638,8703,4175,2765,7343,8791,4582,7241,8890,1073,595,6404,4452,605,6816,895,2739,2053,1219,3971,5853,9029,8213,5754,842,7479,2274,9149,5229,244,1895,5953,3377,5508,5785,747,9213,9281,6961,9382,7056,7149,5674,6791,9516,5463,2710,225,277,858,1216,7137,9638,4032,5766,7966,7363,2633,5693,9753,6146,183,6040,5577,5267,1634,5369,3410,9877,5081,6908,7581,8425,2956,4910,5711,7805,4655,6407,5611,7551,814,1044,7451,8032,6457,7780,7224,328,6679,5366,174,5251,2550,5120,3380,5152
416,8523,8594,2919,8639,8704,4762,3908,7500,8792,3327,5268,8891,2609,1326,4956,3254,80,2042,456,5148,3998,1809,1289,4732,9030,8150,5232,1826,6653,4318,9150,3582,119,887,5773,2492,6396,4781,1857,9214,9282,5909,9383,6090,6566,4510,7008,9517,6628,1934,171,639,1612,2106,5180,9639,5645,3844,7746,5997,4029,6297,9754,6370,305,6265,4491,3666,3399,3609,3871,9878,3787,4310,5964,8362,3799,3936,5718,6209,5916,3975,6630,7624,1664,964,8125,10106,7578,8267,6942,234,7170,4776,613,2214,4849,6173,2611,3784
369,8524,8595,5871,8270,8705,4482,3581,5416,8793,5533,6282,8892,2825,841,3555,3616,2477,2874,1603,5906,2156,1671,1992,6769,9031,7812,3779,2852,6905,889,9151,1385,1482,2970,482,4221,3841,2068,194,9215,9283,4214,9384,3842,6741,2806,5218,9518,6021,4394,1533,490,1053,653,6787,9640,3111,5617,4907,4607,5876,2564,9755,3730,623,3087,2195,1942,3713,1294,2816,9879,3277,6078,5710,7582,3047,3967,3298,6989,4966,1623,5183,6902,2312,2935,8294,7943,2496,7382,7520,1448,7015,4449,1022,4024,1559,5893,7118,2236
393,8525,7653,2013,8346,8706,5360,1597,2604,8794,3261,3088,8893,2484,4628,3458,3773,540,1789,1234,5866,4586,6359,1772,4598,9032,7458,3874,2327,5565,2524,8297,286,555,1121,3633,5989,3628,852,1645,9216,9284,4069,9385,3432,5475,2363,3956,9519,2242,4287,1304,1312,1713,2364,2148,9641,3010,4478,4178,5913,5202,4081,9756,5160,731,3519,3101,5040,2631,589,4667,9880,3388,6170,5932,8482,3297,4113,2490,7507,5879,3907,2285,3553,2753,2547,10086,8127,6179,6530,8117,527,6029,4404,1552,4752,4341,3934,3771,3119
394,8526,8596,3898,8091,8707,5816,1071,7259,8795,5679,2682,8894,1815,2960,4025,3701,2704,4614,819,2740,4238,6079,1792,5609,9033,7413,1190,3361,6010,1966,8069,6123,1399,1252,6525,6459,2337,2925,159,8472,9285,5092,9386,803,3988,3323,5474,9520,4476,4529,1600,1478,1042,450,6574,9642,5654,6268,6792,6381,6622,3756,9757,1354,969,5708,4891,4805,4134,1388,2908,9881,2033,4501,4687,8483,3865,4581,4562,5082,6689,936,5326,6913,3212,6765,8367,8010,6652,7548,8268,3199,6096,3922,1169,6685,1179,221,2394,288
336,8527,8597,4165,8640,8708,6300,6036,3321,8796,5847,5700,8895,3903,1144,4308,3600,1263,5170,584,2343,5555,1759,2161,5701,9034,7298,5639,2083,5748,1089,9152,4335,650,2578,5538,2810,4336,5155,319,8235,9286,6561,9387,2388,4314,3856,6509,9521,6857,5750,657,567,885,1061,5175,9643,1803,4583,7538,7347,6164,4355,9758,4880,250,6647,721,6873,3418,173,5413,9882,3817,2211,6654,9979,3438,2158,3673,3447,5594,4146,5678,6400,3683,1254,7939,8021,5168,7933,7469,1425,7387,5036,1786,1290,1257,6361,7319,3192
391,8528,7976,3448,8641,8709,5796,664,6789,8797,5479,5661,8896,3845,4645,6915,4399,209,5327,2761,810,1218,5490,3785,4738,9035,8093,3753,1862,7855,3587,8351,5749,190,344,6112,5854,6238,6244,1344,9217,9287,6348,9388,5743,7545,1959,6397,9522,2783,5247,770,464,4172,2934,2787,9644,1512,3852,7775,7261,5511,6080,9759,7146,641,6410,4897,6841,1324,3186,5626,9883,1091,7153,7804,9980,5041,6734,4902,8107,6444,3313,5996,7591,1924,865,8497,8502,2756,8164,7994,101,6482,1384,156,5194,6121,2527,1536,3794
313,8529,8313,2782,8642,8710,3120,3440,6224,8798,5042,1075,8897,2123,3161,6305,3490,573,2402,1011,4271,3181,4642,2353,3801,9036,7299,4121,2990,6020,2605,8214,4177,1145,1046,674,4846,3920,3058,921,7234,9288,5009,9389,2727,3529,2447,2812,9523,1191,4021,1269,968,2514,758,2183,9645,4486,6045,1890,4882,3540,1235,9760,4959,1173,4033,1679,5206,1402,2692,5068,9884,2308,5686,6054,9981,3279,3924,2141,4893,6399,3456,3469,6914,2277,2444,7778,8369,6806,6199,7142,1323,5104,3314,1314,4894,3127,2728,4338,3114
401,8530,8598,5793,8643,8711,5972,1694,5988,8799,4228,5852,8898,1067,804,4000,3024,254,5198,1097,7304,4170,2668,1855,7985,9037,7199,3992,1873,6553,2328,8460,3128,233,655,2130,2744,3497,4663,4122,8409,9289,746,9390,4365,6496,5252,5058,9524,5205,1543,1226,1381,1622,2193,5756,9646,4551,2875,5858,5219,6285,4965,9761,5242,302,4934,2971,3604,3103,5571,4900,9885,4211,6722,6594,9982,3522,5409,2803,7618,3184,5131,4691,6556,3197,3573,6635,6793,2559,4321,7402,317,5238,6438,635,576,4286,4423,2234,3260
395,8531,8599,2189,8455,8712,2395,1749,6862,8800,4609,4217,8899,2663,1101,4601,2669,1001,2507,997,3712,4997,1702,2505,5519,9038,6884,3520,528,5585,2504,8026,1261,951,1074,5356,3203,4150,4681,3151,7736,9290,659,9391,4002,6129,4749,6101,9525,2249,3941,492,508,2323,793,6958,9647,5270,5402,2298,3892,4351,5387,9762,4507,970,3559,4144,5532,3672,4070,4960,9886,2615,5253,2678,8263,1816,5820,3822,5407,6870,5649,2622,4695,2207,2367,8244,8208,6374,5563,7700,2584,6087,1198,1352,5389,4993,1036,6984,2326
386,8532,8600,5105,8250,8713,3318,2793,7119,8801,4954,5033,8900,1487,4298,4117,4802,203,4206,712,1619,2352,5450,3071,6998,9039,7790,5328,1756,7254,2606,8352,3556,185,1148,4637,5799,6752,5487,932,9218,9291,6375,9392,6267,7525,3617,6002,9526,5130,1248,220,1270,2625,2302,3843,9648,1390,5300,5426,5017,3352,3961,9763,5513,282,5641,5939,2066,2125,4780,3290,9887,4145,6623,6256,9983,3496,6075,2999,8220,6934,5008,5072,6861,1193,2330,7220,7818,6519,7549,7831,136,7125,5670,544,3049,4191,1285,999,3627
417,8447,7489,1228,8347,8714,6152,755,7839,8802,1338,4119,8901,3466,5158,5013,4054,87,3167,3091,990,1411,5663,3879,6138,9040,7183,3912,4756,6327,1775,8404,3508,232,269,6616,3462,6477,5894,4136,9219,9292,5050,9393,4072,6369,1782,4591,9527,3356,3758,923,2226,4276,3436,2221,9649,1313,5962,7922,7214,5521,6135,9764,5342,870,5624,3630,7406,1120,6225,6049,9888,2316,7050,7081,9984,3414,5761,4819,7924,6314,2711,6848,7075,1926,981,8229,8370,4703,8221,7706,76,6584,2476,199,2413,5992,6266,916,4198
380,50,34,8,4,18,40,57,178,1700,8067,7897,8902,7303,6712,7744,8005,8197,6168,7554,6790,6927,7745,7687,9008,9041,9121,7949,9129,9136,7764,9153,7354,5999,7032,8027,6779,9194,7433,2898,9220,9293,7950,9394,9475,9484,9492,9499,9528,8097,8278,7703,8326,7391,6251,9622,9650,7392,5099,8239,7000,6475,6781,9765,8359,7274,7748,7716,8008,7152,7877,7766,9889,7468,8422,7010,9985,8055,10027,10034,10040,10051,7679,7807,10065,8075,10076,10087,10107,10123,10130,10146,8110,8288,10169,7159,7903,10182,7880,8374,7955
376,8533,8601,5111,8644,8715,7323,1057,7246,8803,6063,3198,8903,2271,1065,6195,4274,537,5502,950,6501,1009,5975,4573,5431,9042,6795,6552,1377,7371,3649,9154,3109,77,955,1605,5045,6422,7033,1131,9221,9294,5377,9395,6431,7294,4839,6666,9529,2632,5365,487,502,1798,1578,4981,9651,5122,2846,5983,6130,6668,5561,9766,6718,270,5685,1130,7615,2206,3599,5668,9890,6065,6545,7275,9986,5257,4316,5514,8123,6569,5851,6570,7658,2362,972,8207,7779,1977,8044,8178,312,3625,2738,166,1003,4187,4694,3939,4251
387,8534,8390,6535,8645,8716,6428,5516,7891,8804,3131,5863,8904,2510,1761,6248,2858,137,3612,1037,5289,4020,6768,2147,4242,9043,8119,4055,1733,5976,4643,9155,4472,83,1566,2610,5456,6658,6346,293,8290,9295,5981,9396,6379,7384,6313,7247,9530,5883,1957,95,607,1051,2093,4707,9652,1799,2977,6479,7372,6805,3251,9767,7080,753,6434,5910,2588,2354,2451,507,9891,5724,1889,5665,9987,2872,4387,6607,7359,6104,6980,4640,7659,2596,919,7381,10108,6546,7718,8444,608,7195,6324,609,5151,2457,6470,4575,1308
418,8535,7409,844,8251,8717,7196,496,2888,8805,3795,6050,8905,3245,6436,4053,3302,327,2191,3372,2917,2896,6537,3782,7042,9044,5601,5020,6429,7511,439,8258,3090,701,447,5734,6421,2966,4658,1879,9222,9296,2911,9397,3450,7139,1395,3048,9531,3338,5737,2686,3370,989,2844,3870,9653,2991,3651,7844,7245,6605,6103,9768,5888,1985,6824,3780,5836,1765,5969,3441,9892,992,7063,3500,8014,3159,7295,5071,5716,7719,1801,4151,7600,1423,5725,7419,8436,2939,10131,8341,257,5476,1473,488,3739,2049,2906,1194,646
402,7677,8088,5815,8646,8718,1014,2969,6353,8806,3102,1720,8906,920,1351,4209,4613,677,3168,1060,3244,2355,3104,1407,7330,9045,7726,5226,3165,5142,3913,8461,5459,224,1469,6869,5149,4928,4331,4114,9223,9297,2575,9398,2613,6357,4770,5016,9532,6085,4632,822,662,2397,2082,6473,9654,5560,1316,6480,6866,3954,5123,9769,4881,455,4832,4729,7018,3305,6672,1208,9893,2335,6490,4444,8484,2759,6001,3963,6639,6456,3814,2995,7065,1319,1410,6445,7572,5249,7694,5406,2399,6055,2381,154,4626,4585,275,3761,2530
419,8536,8602,6468,8647,8719,5354,925,8136,8807,5583,3153,8907,1477,591,6773,4629,295,5480,680,5190,1000,4696,4282,5309,9046,8198,6713,1453,7723,4739,9156,4947,96,1026,7207,3931,7071,7184,868,9224,9298,7060,9399,7504,7200,6906,7662,9533,6175,5845,160,193,2839,598,3883,9655,7128,5695,8291,7906,7847,5959,9770,7476,459,5792,2379,7436,2587,3486,2474,9894,4345,6322,8131,8485,4901,3958,6933,8495,5998,7212,5378,8226,2464,725,8149,8246,4087,7698,7584,298,7155,1946,120,1363,3439,6435,4545,5789
420,5931,6699,5904,8376,8720,4826,953,7377,8808,5636,5797,8908,1526,2523,3223,2055,227,6767,3089,2182,1587,5568,1446,7789,9047,7678,5481,6277,7229,4007,8462,6316,99,245,4219,4010,6295,7286,2124,8410,9299,5966,9400,5348,8188,6038,6907,9534,7656,4842,794,878,3759,3419,2215,9656,1038,5795,3606,7145,5935,6200,9771,6487,1122,6450,846,6481,449,4718,1829,9895,5579,2208,7326,9988,5544,6143,4683,5233,6723,3579,6006,7958,2684,1854,8432,7860,5948,8508,8512,219,6003,1062,70,3676,6585,4456,1677,3021
375,8537,8603,3457,8648,8721,7328,4593,5900,8809,5408,4684,8909,2916,1845,4904,4470,4553,6471,638,5917,510,5485,3020,7926,9048,8401,4522,1588,7472,4327,8463,3325,935,1831,2081,2747,3703,6953,155,9225,9300,6159,9401,6610,8261,2689,6581,9535,6503,6620,809,761,1767,1755,2796,9657,3396,1244,6156,7350,6252,2238,9772,6846,231,3349,1502,5032,2054,907,4991,9896,5885,7577,4502,8486,2218,5421,5441,8019,6935,3309,2230,7909,2294,2434,8230,6698,6150,7829,10147,235,4649,6420,714,206,892,5523,4592,4306
421,8538,7725,6645,8456,8722,3136,1318,7840,8810,6058,5619,8910,3682,4820,5222,4809,172,1633,4066,2017,6973,3757,4162,9009,9049,7497,3692,6739,7892,2000,8079,2174,893,278,6797,6212,5530,3885,984,8473,9301,4381,9402,1723,6975,2720,5692,9536,1374,1871,4451,5126,4685,4011,7127,9658,1530,4359,5280,7179,4040,4400,9773,4468,525,7116,6441,7792,854,7306,1916,9897,767,5728,4588,9989,5642,7953,6855,8064,7820,3566,6708,8108,1066,3134,8433,7808,5600,8210,8513,788,3379,2064,201,1945,2198,200,877,297
396,8539,7333,3156,8181,8723,5812,1302,7107,8811,5133,1549,8911,2702,5400,4270,4605,5169,6258,516,1341,5334,4195,3558,6004,9050,6068,3115,1877,6967,905,5331,5196,2262,1329,6098,3427,3876,6234,230,8474,9302,5191,9403,963,2818,4623,5551,9537,6317,6921,1105,689,2647,483,7271,9659,1707,4741,5990,4764,5512,2655,9774,2958,2708,5832,4023,3815,1516,4130,3444,9898,2426,4272,6651,9990,2856,6512,5188,7219,7495,4076,4774,7562,1604,6849,7821,6982,5911,7732,10148,3116,5628,4137,1509,4844,627,150,1025,202
363,8540,8604,2569,8649,8724,3392,5181,7383,8812,1129,6137,8912,634,2770,4994,4689,2070,6627,785,3717,564,2209,3384,7446,9051,4715,3154,5965,7031,698,9157,1542,957,3993,5340,1796,5602,5112,619,9226,9303,2152,9404,6133,6508,4666,4325,9538,6051,5199,265,812,1281,3292,3824,9660,739,5023,6987,5336,6978,2498,9775,7305,238,6659,1682,1663,4156,5986,2411,9899,5970,6598,7258,8083,2915,7163,5248,5905,6690,4874,1820,7768,1791,3222,7278,7661,5221,7639,8045,1106,6743,5951,603,4073,2873,1045,4908,2088
370,8541,8605,6744,8650,8725,7580,1147,7636,8813,6089,6571,8913,1343,461,2549,1291,560,7012,1160,7396,910,2677,2768,7871,9052,7017,4678,2329,6069,1403,9158,2982,75,4524,7054,2016,6786,6526,1262,9227,9304,1568,9405,6376,7486,5022,6148,9539,6733,4761,538,618,2543,1951,4705,9661,6918,6012,6567,7566,6754,3214,9776,6833,512,6772,827,5943,2976,2614,4030,9900,5066,5171,7643,8426,4750,6613,4487,5314,5172,2546,1610,7583,4415,913,7960,7972,7332,8155,8248,577,4288,4670,241,1781,2201,4525,6362,3015
352,8542,8606,6663,8651,8726,6446,5706,7956,8814,6194,6807,8914,3737,745,6254,5651,491,7334,339,7201,6037,2506,4772,4188,9053,7734,6106,959,7312,628,9159,7603,142,3288,7077,3095,5021,7006,72,9228,9305,7866,9406,6650,6540,6587,6707,9540,7426,3859,121,141,797,1602,6284,9662,7226,6145,8262,7102,4896,6411,9777,5046,309,7325,998,6442,1258,971,6597,9901,7022,4109,8081,8331,6890,3541,7379,8100,5559,6198,3829,7681,1673,780,7697,8503,7731,8340,7607,922,7579,7975,405,7630,781,5788,7189,2974
351,8543,8451,2699,8652,8727,3583,3974,5282,8815,4488,6590,8915,2985,3853,4554,838,495,5260,1108,6943,2869,4339,2297,5742,9054,7608,4465,2003,5284,1806,9160,3714,504,1421,5539,2121,5570,4938,1774,9229,9306,3025,9407,4622,4682,3538,2092,9541,2921,1674,1118,811,1157,2203,6155,9663,5430,2450,6417,6977,4791,4369,9778,4319,565,5235,2648,3409,1116,882,3527,9902,3499,4463,6398,9991,2630,5271,3847,7508,5566,4831,6372,4647,1705,2583,7785,7682,3132,7606,7934,149,6067,5960,1028,1175,2634,3765,2717,2600
422,8544,8212,1525,8653,8728,6671,1030,8316,8816,2639,5153,8916,4116,1909,5608,3788,106,4442,1556,1754,1595,4044,4064,4038,9055,8193,6315,1956,6717,4108,9161,2730,73,667,7134,3851,6601,6360,1737,9230,9307,7168,9408,6099,7638,4506,6701,9542,5216,4354,292,624,3055,3224,3092,9664,3813,7227,7776,7795,5776,6440,9779,6165,463,5274,1954,7174,1274,3593,5424,9903,3467,6576,7411,9992,4862,3491,5862,7816,5930,5444,6641,7651,1728,561,10088,8504,6550,8176,7524,97,6579,3505,180,1982,4571,4796,1885,4225
367,329,982,1722,4244,6751,5495,994,8048,8817,2635,7550,8917,2266,4200,6762,1880,734,6560,1537,1747,452,2515,3375,7978,9056,8257,5952,6140,8018,5297,9162,5076,532,625,1742,3880,5735,5317,5422,7535,9308,4428,9409,6169,7815,6588,7435,9543,7405,6306,1019,1609,4616,2811,7088,9665,1540,7211,7346,7162,5254,7401,9780,5368,291,5500,853,4757,1557,7393,6320,9904,3585,4730,2954,9993,4812,7730,2973,7749,8154,4918,1907,7704,866,4085,10089,8284,7231,10132,8372,148,7039,1458,128,5554,6949,5675,1242,4115
324,19,24,39,52,69,443,1334,4388,7984,6354,6649,8918,4742,5603,7320,5429,7421,2368,3819,7370,5469,7602,4210,8184,9057,8157,6259,6952,5652,1541,9163,6900,3621,1231,7390,7739,5091,6538,1337,9231,9309,7362,9410,5262,7771,6100,7986,9544,6892,6828,2004,2931,2321,3949,7668,9666,7398,8238,8098,7415,7570,5075,9781,7528,2459,7169,6825,7907,4302,6329,5281,9905,1968,6730,5984,9994,4751,6703,6013,8035,7708,6236,6392,8036,5269,7660,10090,10109,6016,8038,10149,6427,7823,4207,4919,7474,3681,7676,8087,859
315,8545,8607,2602,8654,8729,4940,2626,3036,8818,2867,1576,8919,2468,3480,3909,3741,2417,3294,824,3570,2962,2340,1626,7894,9058,7555,3425,4474,2997,1084,7999,2509,1471,1838,1183,1903,3959,3501,2320,8053,9310,3629,9411,3690,5765,3722,5024,9545,5118,3654,1667,1454,1214,1427,4497,9667,4790,4254,5312,4783,2557,2988,9782,4123,1166,790,3005,669,861,4930,3056,9906,3112,3685,5922,8487,2192,6488,2369,6886,4634,2233,2789,5646,1830,2113,7364,6788,1721,5567,7143,2392,5633,4348,2415,2097,2075,1811,6046,2448
362,29,17,26,41,55,93,633,2375,6600,5790,8118,8920,1708,1697,7004,5458,5529,8987,3742,8991,8997,6705,3299,9010,9059,9122,4263,6502,9137,1986,9164,8407,2248,3811,9189,4546,7026,8215,2757,9232,9311,7439,9412,9476,9485,5995,9500,9546,9605,5086,3565,3473,1962,1433,9623,9668,9727,4886,9731,7931,7614,8357,9783,9844,1350,7737,3957,8420,5343,9858,6053,9907,8105,7937,9972,9995,6677,10028,7450,10041,10052,6694,4596,10066,7601,8140,10091,10110,10124,10133,10150,8179,8211,10170,8086,7647,6111,8343,10195,7904
371,8546,8452,4301,8457,8730,6710,2358,7167,8819,956,2556,8921,2167,3187,6997,3488,109,3398,903,1935,1770,3530,2134,5918,9060,7940,5329,3164,5569,4127,8080,6681,115,604,4733,1422,6204,5379,1488,9233,9312,6344,9413,5702,6970,6214,6412,9547,6296,3863,177,486,1593,2932,3348,9669,6184,4413,7605,7072,3803,5580,9784,4668,554,4401,4498,7460,2410,5404,5467,9908,3202,6332,6177,8427,4232,4185,3929,8040,4962,3669,4840,7705,2776,1015,8434,8437,4512,7974,7117,212,7240,4817,472,3291,3382,2255,3230,2706
423,8547,7327,3873,8655,8731,5648,1532,7773,8820,4182,5637,8922,2994,2305,6294,3276,124,4976,1416,1414,945,4803,3791,4342,9061,8158,4980,2539,7735,4373,9165,6202,130,529,6917,2253,7043,6347,1237,9234,9313,7459,9414,6448,7893,4740,6759,9548,6255,4031,198,679,2952,3708,1896,9670,787,6563,7895,7427,6924,5745,9785,6852,535,6592,4430,6280,1058,3341,5096,9909,2372,6167,8202,9996,4785,5518,7243,8243,6310,5891,6082,8227,1878,876,10092,8337,7164,8442,8046,110,7035,1561,123,4533,5489,4538,1607,2541
397,8548,8608,7011,8656,8732,4019,1364,7862,8821,6609,5908,8923,1848,441,6680,4237,290,4621,939,3678,3137,4174,2842,3767,9062,8185,5330,708,7596,4147,8464,2334,78,1476,7431,6992,6612,6860,839,9235,9314,6364,9415,7094,7410,4560,6971,9549,4542,3618,197,223,2601,763,5388,9671,3423,7208,7099,7273,6840,5420,9786,6858,489,6697,4265,7180,1031,2295,2045,9910,5338,6264,7938,9997,5324,4005,5698,8205,6418,5288,6634,7910,1550,676,7797,8022,7620,7573,7772,682,4945,2348,145,3062,3675,7369,4903,4913
406,8549,7106,2065,8657,8733,4543,1565,1485,8822,2590,5396,8924,2424,3968,1825,2667,720,3096,1886,6384,3946,5623,1769,4885,9063,7714,4914,4494,6144,2440,7927,3395,556,2376,2022,6128,3358,2560,2526,9236,9315,3138,9416,3531,5471,2275,5374,9550,5433,3981,2012,1185,2187,2378,3394,9672,1161,1714,2788,7257,5186,4153,9787,4929,1035,2224,3798,6196,820,574,6113,9911,1579,3171,6583,8488,1299,5528,2495,5231,6015,4278,3671,5541,1277,2127,7942,8232,4455,4090,8090,830,5097,2572,886,4921,3113,2737,3769,2377
388,43,21,5,6,32,49,64,611,4860,8272,7743,8925,7852,8399,6923,8982,8984,7503,8142,6636,8400,7800,7836,9011,9064,9123,8349,9130,9138,7794,9166,6642,3188,7856,6631,6557,9195,8276,821,9237,9316,8095,9417,9477,8201,9493,8096,9551,4450,8071,6011,4799,8144,7707,7657,9673,7114,7541,9732,8122,7598,6517,9788,8146,7783,9850,8007,7375,7001,3317,7571,9912,9966,8423,7932,9998,8099,10029,8148,10042,10053,7540,7889,10067,8190,10077,10093,10111,7861,10134,10151,7395,6783,10171,6110,4334,7368,7873,10196,7722
398,8550,8609,6057,8658,8734,6368,4252,6483,8823,2056,7898,8926,705,1638,5926,5207,2373,5821,713,6415,6147,5358,2794,4425,9065,7389,3483,1020,5347,1378,8465,5919,347,1444,5802,5850,2998,5272,332,9238,9317,4443,9418,5993,6506,5604,6514,9552,4106,1696,126,563,1571,1371,7288,9674,835,3928,5520,4247,5985,3308,9789,4102,321,1787,3242,1894,2132,1382,2577,9913,4578,6946,7112,8132,3893,4320,4186,6114,6171,5599,5381,7230,1367,2178,6304,8209,3268,7883,8076,1413,4492,6017,1114,4496,1715,6725,7496,996
377,8551,8391,4608,8659,8735,5973,3979,5244,8824,4042,4949,8927,2205,4220,5057,3453,1249,5872,1795,4566,4873,2628,2129,7176,9066,7637,3207,5367,6811,1492,8466,2114,756,3077,2742,3180,3210,2345,726,9239,9318,4697,9419,5145,6486,4782,5098,9553,5582,2936,2445,1167,2026,1998,3619,9675,2396,1835,5605,2963,5423,3284,9790,5451,477,585,2576,1432,1212,663,5136,9914,1860,4788,5924,9999,3227,6813,3660,7416,6493,5237,1306,6875,764,973,8245,6831,5738,5589,7902,494,5757,4322,740,3235,2964,2923,2880,2525
424,8552,8610,4777,8660,8736,7016,828,6547,8825,5258,7122,8928,3715,1070,4088,1790,129,5979,1629,3728,1142,2697,2685,6073,9067,8402,5310,2511,7414,3459,9167,7059,65,1286,5432,2493,7202,6938,3189,9240,9319,7434,9420,5949,7715,5029,6747,9554,5616,4131,656,654,2769,3451,5135,9676,2137,6424,8034,7868,5483,7061,9791,6881,143,7428,1043,7151,1828,3017,7028,9915,2700,6491,6847,10000,4795,4759,6161,8431,5768,6749,2455,7417,1068,549,8498,10112,4515,8286,7641,135,5447,3426,82,2968,5937,4531,1965,4641
425,8553,7686,3060,8661,8737,5448,986,8089,8826,5350,5477,8929,3492,2112,5004,2194,127,3130,1124,2108,2269,4434,2904,3775,9068,8120,6356,2142,7692,4092,9168,3985,116,260,7025,3689,7135,6969,2341,9241,9320,6405,9421,6028,7673,4300,6760,9555,5897,3588,479,523,3820,3236,2767,9677,1580,6955,8072,7403,7236,7315,9792,7062,460,7049,3219,7074,783,3434,6230,9916,2043,6719,6742,10001,5069,4346,6748,8386,6291,6191,6916,7980,1404,931,10094,8438,6270,8509,7769,105,6691,1685,102,4364,6056,2665,2313,4500
407,8554,8611,6766,8662,8738,6136,5038,8004,8827,6843,7475,8930,1912,647,6801,3568,168,7356,353,6936,3694,1805,3324,6272,9069,6770,6817,1210,7345,754,9169,7881,88,1178,7814,1394,7233,6928,285,9242,9321,7867,9422,7729,7287,7250,7663,9556,7336,3421,81,236,909,1869,5967,9678,6261,7157,8225,7690,4436,5067,9793,7575,216,7192,774,4773,2254,4329,3610,9917,7567,6727,8073,8304,6899,4675,6443,8206,6518,7443,3942,8307,2462,684,10095,10113,7810,8510,8066,602,6826,6330,468,5925,1267,7733,7499,2709
426,8555,8135,3201,8663,8739,6239,2486,7648,8828,3008,4223,8931,3387,2058,6009,3512,140,3774,550,3838,2732,3506,2883,2922,9070,8137,5873,1177,7597,4008,8467,4047,191,730,7055,2688,6891,6485,453,9243,9322,6494,9423,5814,7057,5547,7172,9557,6345,3802,188,533,1938,2540,3081,9679,2188,5311,7835,7512,4708,5505,9794,6837,558,5786,3821,6527,1539,2216,6402,9918,4924,3343,7091,8292,4992,3764,6735,7560,5562,5275,6814,7990,1841,1330,8240,8338,7166,8511,7710,146,7020,4721,304,5494,2785,1852,3026,1881
427,8556,8180,3940,8664,8740,3076,1079,6778,8829,4970,5361,8932,2116,1041,3121,4635,715,2250,1929,2491,1259,4963,2899,8295,9071,7793,3850,5299,6897,3195,7353,5210,258,1776,3533,3797,6076,4550,4344,8216,9323,3139,9424,3557,6775,4168,6845,9558,1939,4957,1245,3882,3247,2573,6336,9680,1466,3484,5034,5634,3038,3067,9795,5392,2291,1088,3174,711,2119,2675,2386,9919,4037,4305,5313,10002,2781,7969,4745,6125,4448,2361,2878,6451,2166,3225,5410,2385,2972,7223,7832,1164,3768,2895,189,5454,3580,444,1110,2128
428,20,12,27,44,58,162,695,3783,8830,8092,7977,8933,5650,4367,5689,4555,582,5865,4212,6378,8998,5753,4140,9012,9072,9124,7752,7936,9139,7424,9170,6395,1766,539,7770,2163,8321,7728,7604,9244,9324,6829,9425,8324,9486,8354,8303,9559,7965,4447,6972,7930,5844,7803,8327,9681,4518,7765,8419,8171,7513,7915,9796,8152,2617,7916,5439,7951,2185,9859,4830,9920,4747,7252,8360,10003,7237,10030,6912,10043,10054,8334,5453,10068,3011,7869,10096,10114,7138,10135,10152,4584,7612,7592,2412,4171,10183,10190,8192,6810
361,8557,8612,4572,8665,8741,6097,4227,2382,8831,3637,5849,8934,2350,3511,4801,3516,3611,2420,1315,2868,1209,4017,1517,6520,9073,6572,2485,3545,3266,1902,8094,3930,2086,1967,1342,1499,3509,3307,1505,8277,9325,5107,9426,2920,1370,3698,2519,9560,1649,3828,1643,924,2104,1220,4230,9682,4215,4906,6667,5803,3045,4547,9797,3032,1093,3790,1168,5214,3810,2126,4828,9921,1018,1665,5593,10004,2442,4737,2500,5991,5163,3944,4932,3622,2347,3470,7547,7720,2876,5940,7365,3402,2680,3705,2409,899,2521,208,5833,1921
383,8558,8613,6062,8666,8742,5056,3526,7182,8832,4193,6926,8935,2866,592,2651,3890,823,3424,727,6283,1396,5486,3976,6859,9074,5590,4101,2848,6999,737,8468,6243,100,3812,5121,2246,4384,4079,571,9245,9326,4999,9427,6562,6818,5525,5843,9561,5823,2265,66,888,1006,1096,5445,9683,6515,1631,6656,5819,2659,6688,9798,4978,2662,1162,1207,6269,3525,4273,2101,9922,6207,1349,6889,8305,5364,3411,4563,7487,3351,5070,614,6367,3340,3373,6257,8505,5957,8059,8445,3391,5944,7082,501,5549,2937,2959,6720,1729
372,8559,8614,5647,8667,8743,6542,4467,6758,8833,3344,7253,8936,672,1429,4760,3454,3123,1914,2144,5140,4755,1322,3125,8378,9075,7084,4793,5482,4028,1034,8275,4895,1090,2307,3986,1632,2120,3721,284,8475,9327,4977,9428,3074,6507,3547,4429,9562,2819,4112,243,1141,261,1882,6365,9684,5019,2196,6301,6263,934,3906,9799,5264,777,4370,3635,4825,1915,4315,1379,9923,1734,5722,7047,7882,3709,4356,4110,7644,3489,2423,5100,7376,2586,3018,5322,8043,4597,7239,5200,1222,5612,3848,2723,4618,1551,798,6018,961
331,8448,8453,3772,8668,8744,4132,3800,1450,8834,2719,3915,8937,1970,1443,3106,3738,3855,4979,1570,1483,3684,4884,896,7024,9076,6867,2860,3393,4382,2318,7920,3304,1023,1233,4432,4184,3755,2454,2829,9246,9328,2993,9429,3238,3359,3300,4727,9563,4385,3217,1650,1358,1814,1346,4435,9685,3670,593,4952,4958,4604,2832,9800,1844,1203,2563,2555,5509,2200,2516,1688,9924,4386,1012,4277,10005,2529,3220,2850,5762,5052,3686,4197,4163,2435,2859,7645,6275,5545,6887,7473,3142,2698,1320,612,4164,3652,1206,6072,2109
357,8560,8615,5304,8669,8745,5635,1111,3770,8835,2903,5517,8938,2627,1745,4786,4829,2967,6042,1383,6116,644,4421,2405,7501,9077,3947,4922,1866,7255,637,7260,5397,307,4159,1255,1933,5162,5077,849,9247,9329,1076,9430,6878,6753,4390,6102,9564,6646,4587,471,626,1490,2532,3831,9686,5438,2944,4141,2940,4433,4674,9801,5704,338,5393,303,3917,3043,1963,4352,9925,4672,4892,4481,8489,4939,7611,5857,7442,6959,4579,2941,7685,1614,978,6684,7444,6990,7640,10153,1055,6151,3149,373,4262,3006,3626,7105,4014
429,8561,8616,4889,8670,8746,5667,1227,7929,8836,4077,4877,8939,928,816,6249,4375,213,5371,1922,2513,1874,1230,2478,6637,9078,7935,5125,2957,6995,4523,9171,6836,94,671,6489,2281,6901,4532,1839,9248,9330,4950,9431,6118,7684,6349,5882,9565,6141,5025,665,476,1123,1762,6474,9687,6575,5963,7097,7238,4457,6298,9802,5655,215,6331,4847,6511,3148,5884,2487,9926,3901,7358,7242,8490,4528,4437,5349,8020,3674,3641,4843,8065,1995,743,7970,7488,2571,8023,4872,111,7360,3320,139,3884,3868,6564,2077,5147
430,35,13,10,28,47,59,222,1439,7190,7465,4916,8940,2469,2071,5752,4878,7826,7853,4349,8992,8999,4082,3657,9013,9079,9125,6896,9131,9140,4725,9172,4514,7688,6937,7559,7857,9196,8121,7477,9249,9331,6423,9432,9478,9487,7809,9501,9566,7590,6822,8028,9615,4953,2228,8416,9688,8279,8418,5185,8145,7291,9739,9803,9845,4142,6669,6931,7378,4664,9860,3046,9927,7576,8330,8424,10006,5011,10031,7557,10044,10055,5572,7394,10069,7568,10078,10097,10115,8134,10136,10154,10162,2356,8373,10176,2365,10184,8344,10197,7483
310,8562,8617,1438,8671,8747,7228,4173,6499,8837,4418,2907,8941,1456,2735,5127,4043,164,5018,762,4972,3702,4218,2117,7109,9080,7423,4835,4969,5586,2752,8129,4763,1553,857,2607,2289,4099,5014,237,8411,9332,2646,9433,1931,6554,3827,6432,9567,4049,5015,588,1900,1409,2619,3083,9689,1908,5947,2762,2890,5621,1436,9804,6023,1430,6307,5363,5398,1229,4758,4639,9928,4374,1689,3030,8282,3866,5359,3031,5899,6221,3433,5781,7193,2891,3504,7463,7993,6957,7098,7457,578,3097,4379,2280,3887,1545,965,3035,287
431,8563,8392,4768,8672,8748,2707,692,6704,8838,5345,2771,8942,3895,3252,5740,3643,765,1719,1691,891,2241,4988,2909,4380,9081,7957,3858,2406,7148,3826,8318,4845,553,445,6107,6863,5279,5217,3724,9250,9333,6854,9434,4039,6213,2624,5102,9568,2745,5535,1534,522,3177,1661,3296,9690,6390,4411,6879,6308,2800,6060,9805,5779,610,6798,5150,4480,1215,5715,5449,9929,949,6606,2736,10007,3465,4574,4720,8009,6683,3751,3723,6920,738,1392,8310,10116,3039,7342,7711,649,5825,908,114,2585,5613,4754,4445,974
316,8564,8618,2296,8673,8749,5382,2857,3592,8839,3808,2366,8943,1928,1577,3989,3347,3037,2750,1699,4074,2391,4899,1658,6674,9082,7265,1524,3804,3193,2653,8319,1435,1859,2325,3639,3809,3833,4257,1268,9251,9334,874,9435,2090,5039,1701,2599,9569,4267,1128,1401,1082,1479,1107,2094,9691,4638,3073,4128,5552,4712,2154,9806,3584,773,3169,3303,4103,2574,1969,2072,9930,3446,5089,5156,10008,1883,4688,1850,7282,5890,2460,1463,4861,1964,2640,7879,6401,4599,7187,7724,1428,5607,3461,2008,2548,2452,3443,6217,2282
384,8565,8619,3945,8674,8750,5683,1695,7165,8840,5838,1823,8944,3150,1813,4704,4517,707,1398,1858,5867,3185,5784,2283,6074,9083,7998,4471,1135,6745,2186,7760,2299,182,1109,2656,1810,3904,3158,4293,8217,9335,3729,9436,3982,5534,3022,6533,9570,4615,4869,1711,478,2453,1406,4568,9692,3265,6682,6149,5721,6340,4202,9807,5576,597,3665,2027,1817,1981,3401,1822,9931,526,6092,6497,8491,4199,5440,3133,5688,7268,4332,3172,6981,3346,1529,7828,7283,5824,7523,7851,2122,5892,2734,117,704,5543,5564,5277,2272
333,8566,8620,1743,8675,8751,6498,3051,2080,8841,1624,1690,8945,1189,1221,5278,2005,5346,2427,1680,3374,4964,4933,3342,7948,9084,7655,4264,4814,6139,2591,8111,1905,4636,1958,1496,3932,3249,4001,1501,8236,9336,4692,9437,2398,4711,3776,3950,9571,4368,3295,710,2658,1205,1033,5332,9693,5213,4303,1891,4490,5640,2671,9808,4706,1575,1188,5307,1748,3316,4203,750,9932,942,995,1668,10009,2342,6505,3563,7536,5428,1513,2865,6222,1386,5167,4700,7944,3596,6794,8222,3369,6172,1582,2051,3720,2481,915,7067,1426
382,8567,8195,4050,8676,8752,4464,894,4256,8842,2681,4541,8946,1199,2621,4204,3517,3778,4260,1095,1452,2817,4868,2344,8061,9085,6966,2160,2220,3663,2136,8259,2620,1372,2544,3269,2263,2332,4619,1980,9252,9337,4564,9438,4909,4475,4409,2930,9572,4377,4827,976,2401,702,1181,5306,9694,360,2637,4853,5717,2743,3068,9809,5318,1039,1753,1870,1752,1640,4771,1077,9933,3495,5556,5809,8306,1840,6661,4414,7386,6834,1901,1999,6281,795,5115,7693,7456,3747,7798,10155,778,4852,5108,2306,3406,4406,3405,3970,2076
403,8568,7388,741,8458,8753,4937,1016,6692,8843,2551,1356,8947,3122,4410,6696,3574,283,1865,2048,1538,1927,6463,2951,5293,9086,7854,4243,5085,7123,851,9173,1834,800,299,5462,3213,3644,2431,3246,9253,9338,5224,9439,4075,6618,1569,1627,9573,1515,4633,1804,2273,1331,2953,3825,9695,2014,6621,6433,6319,6962,4713,9810,4249,1140,3353,5522,5054,1771,4439,6325,9934,1104,6947,4454,8293,3658,5861,3995,6358,7338,1380,5203,6815,2371,3328,8231,7763,5669,7811,7946,606,3255,1991,884,1493,4765,6333,1491,2419
378,8569,8621,5614,8677,8754,1847,6311,7670,8844,3857,6832,8948,1348,446,5259,1171,4576,6409,805,6614,4397,1620,718,7156,9087,7563,5644,2726,6812,2553,9174,2660,1149,2929,3987,3948,7087,2223,242,9254,9339,6132,9440,6495,7007,5460,6721,9574,6154,1683,622,499,825,1013,7755,9696,600,2471,6693,7502,6449,5703,9811,6425,334,2268,4767,818,2052,4160,3163,9935,6803,6633,7437,8428,3744,6909,5139,7742,7029,2853,2820,7959,1195,2229,7181,7279,6458,8165,7429,1332,6246,3014,503,6178,2534,3322,6293,2217
381,53,37,16,3,11,38,54,103,1081,7781,7712,8949,7782,8234,7553,7702,8985,8273,7713,8993,9000,7270,8050,9014,9088,9126,5839,9132,9141,8168,9175,7837,9185,9187,6706,5095,9197,9199,9203,9255,9340,7044,9441,9479,9488,9494,9502,9575,9606,8415,9611,9616,6288,7440,9624,9697,8417,3916,9733,7587,6516,8358,9812,9846,8147,7599,7784,6466,7858,9861,9863,9936,8421,9968,9973,10010,7052,10032,10035,10045,10056,8074,5344,10070,10072,10079,10098,10117,8285,10137,10156,10163,10165,10172,10177,8102,10185,10191,10198,10201
389,8449,8622,3357,8196,8755,5974,4644,2044,8845,2284,4594,8950,2252,4549,5578,771,4946,4363,1272,2980,4656,5106,2522,6888,9089,7160,3108,2763,5143,2661,6027,5470,557,2518,1897,4419,5286,4412,1489,8300,8478,3050,9442,4646,4009,3510,1155,9576,1520,3241,1864,493,1165,1004,4333,9698,320,3145,1153,6033,5093,3551,9813,5079,1250,4259,3475,2443,3146,1768,3881,9937,2176,5047,5103,8492,2751,4693,2608,7276,6186,3129,1247,6373,3190,2258,7339,7646,3860,7066,7420,1236,5886,5395,1527,4838,1988,1345,6461,1431
349,8570,8623,5775,8678,8756,6247,2463,7108,8846,3763,6452,8951,1204,2288,1548,4290,440,3282,1240,2059,802,3872,2436,7177,9090,6465,2581,1467,6026,2449,9176,5818,696,1598,3854,5134,4275,4094,3513,8224,9341,706,9443,4420,5726,3679,2799,9577,5736,3601,308,833,2276,1659,6819,9699,690,4095,6865,5994,5914,3301,9814,3921,345,4052,4580,1586,3437,5828,2565,9938,1583,5287,6589,8203,3262,6469,3640,7147,6782,4402,4337,6302,2938,2339,8030,7289,5787,7635,8514,636,5109,1887,1243,2517,3734,4652,3001,2886
408,8571,8624,3567,8679,8757,7470,5493,5266,8847,5228,6904,8952,1156,562,6271,1497,465,5401,599,7521,4431,832,873,6665,9091,6951,5881,3094,5896,2107,8405,6447,263,2798,6611,4726,5201,4003,511,8237,9342,6864,9444,3208,6830,4798,7136,9578,5010,4540,467,531,1305,1738,6119,9700,6638,3273,7144,5005,4126,4787,9815,5588,289,5443,1217,2945,2257,3766,5877,9939,5187,2725,5606,8139,2861,3589,3221,6455,6476,5618,4536,6835,2110,1266,8368,7514,6903,7757,6531,652,3793,6025,1113,3656,1333,4520,4716,2594
399,8572,8625,6736,8680,8758,6041,3648,7913,8848,7329,6738,8953,1648,462,5638,2011,266,7774,246,7841,2701,1424,2643,5764,9092,7340,6326,1159,7842,1100,9177,8070,85,1464,7761,3378,6740,7609,217,9256,9343,7626,9445,7846,7256,6478,8000,9579,8104,6070,170,179,1564,660,6318,9701,7150,7633,8384,8001,6940,4943,9816,7073,228,7967,869,7634,2802,1735,7301,9940,7506,6120,8280,8363,5632,3832,6492,8496,6595,6941,3590,8308,2212,847,10099,10118,6838,10138,8015,587,6784,5720,335,3333,1560,6750,7537,4859
359,8573,8626,2079,8681,8759,5958,736,5189,8849,5777,5723,8954,2828,519,5182,1361,1589,4107,1678,3329,1906,2795,2694,6655,9093,7801,3537,1976,6964,1611,8406,3515,251,2085,6233,4810,2947,2884,1514,8412,9344,5053,9446,6686,6821,3463,5051,9580,4841,3707,826,530,2623,1706,5714,9702,1040,3194,6777,5461,4948,5035,9817,5719,1321,6387,5197,3750,1656,5625,3935,9941,4084,4190,6577,8364,2210,6309,3200,7267,5705,4366,1567,7041,2821,3012,7569,7349,6338,8116,7003,281,6394,834,229,5209,3894,938,3280,3334
409,8574,8269,2914,8682,8760,4612,1827,7471,8850,2098,4152,8955,3098,2696,6604,4323,92,2950,1029,1596,2805,3911,2965,4857,9094,7872,4753,2032,7438,3688,8469,5759,98,583,4864,5372,6430,5690,1521,9257,9345,6820,9447,6182,7203,3623,6619,9581,6235,3523,559,506,2616,3749,3315,9703,4051,6094,7791,6582,5531,6034,9818,5596,272,5243,4347,6568,1143,3668,5889,9942,1990,5291,7040,10011,4489,3984,5687,7532,5870,4041,6192,7928,2062,601,8265,10119,6871,10139,6872,112,7221,3711,204,2535,4240,6626,1180,4258
343,8003,8375,1441,8683,8761,5227,4166,2227,8851,668,5629,8956,2261,1303,2245,5062,5794,987,1309,6127,2636,5680,2118,8077,9095,6201,3205,2317,5246,2441,8470,2175,1481,2777,4183,1919,4026,1898,867,7485,9346,1872,9448,2928,6174,1997,4728,9582,3503,4556,1200,1628,881,1785,6176,9704,2654,2279,6032,4625,2483,3576,9819,5193,875,2057,2882,4280,3140,1884,2023,9943,3029,5774,4669,8493,2580,6208,1137,5452,5308,2834,1987,6253,2849,4792,7448,7750,1307,7884,8194,2180,4537,3135,1635,2219,3552,3065,6231,1256
301,8575,8393,3019,8684,8762,5817,2597,3695,8852,3888,6408,8957,1360,836,5771,2724,1655,3544,1949,2184,2924,3182,2035,6551,9096,7683,1636,4709,4766,2927,8223,2650,1225,590,3781,4100,4167,4804,594,8382,9347,5373,9449,3964,5575,3562,3693,9583,4851,4473,1660,1134,1726,481,6166,9705,3250,3550,7079,6945,5491,4154,9820,2499,1325,4724,4304,1368,2695,941,2773,9944,2855,3464,2165,8332,1732,4297,1777,7337,3476,3079,3367,6529,1853,2687,6382,4392,5319,3099,7983,1621,3740,2949,1127,4499,2835,2115,4426,2036
400,8576,8627,6105,8685,8763,7484,4800,8183,8853,6064,7758,8958,2494,534,6549,2673,144,7335,521,7827,3283,1276,3053,6591,9097,8143,6974,1523,7361,1773,9178,6763,74,3166,7285,1718,7005,6617,466,9258,9348,7914,9450,7290,7095,6976,6898,9584,7802,2400,90,474,944,1484,6780,9706,6911,6510,8054,7628,5255,5622,9821,7129,255,7900,1355,3752,3733,1757,4061,9945,6702,1832,7952,8494,6273,3806,6608,7917,5087,7297,2387,7918,2019,856,8031,10120,7194,8443,7833,267,7367,7430,541,2465,1641,6539,4867,4673
314,8577,8628,3107,8686,8764,7284,5027,7215,8854,5780,1983,8959,757,568,5842,6019,1784,5980,273,5043,4856,5574,1186,4048,9098,7813,1531,2037,3287,2020,8379,5730,686,3869,2984,3162,2537,6287,163,9259,9349,6160,9451,2256,5524,3253,7225,9585,5731,2918,104,580,717,860,6885,9707,7314,6521,7100,8002,6337,4836,9822,4659,678,4458,2024,6048,1936,2181,2135,9946,6131,4784,7308,8242,4968,2801,5915,6366,6603,3368,6341,6956,4806,4511,4441,8439,5415,8177,7787,1955,7311,6709,4208,6292,760,2304,7652,294
366,8578,8629,5315,8687,8765,7412,3494,7171,8855,4600,7021,8960,1657,872,5657,5643,596,5473,457,6462,779,5672,4125,7964,9099,7046,3977,411,7753,1637,8138,3170,784,3624,4343,2645,6664,5234,1080,8301,9350,4654,9452,5920,7556,5806,6993,9586,4036,2843,259,742,2652,1974,7161,9708,1717,4824,5273,6350,2149,1150,9823,7316,158,4479,1861,2778,4018,2683,2351,9947,4936,5295,4222,8385,1412,7348,5414,7498,7561,4326,1930,7341,4719,2084,7048,7945,4915,10140,8446,930,6276,5682,966,831,3155,3407,6851,902
276,2531,4362,4660,7510,8016,6565,3256,3052,8856,5073,6047,8961,1462,1507,4504,3926,5864,4266,1238,5044,4309,6732,2025,7631,9100,7400,4046,2987,5733,2561,8062,3638,2403,1709,5498,4477,1475,2421,518,8160,9351,1264,9453,2438,5192,4973,3725,9587,1599,917,505,1184,252,722,5732,9709,1920,4246,6380,7262,5808,3479,9824,2432,1197,3366,4698,546,3951,6321,2893,9948,2146,7355,1692,7968,3312,5157,3699,6014,4539,2047,4469,6467,4057,5488,7248,7981,4657,7962,8060,4012,5846,4813,1744,1417,1675,5741,7517,581
432,8579,8289,4961,8252,8766,6289,914,6877,8857,6774,4138,8962,2111,5901,6262,5496,2862,6991,187,926,5783,5664,2536,7819,9101,6343,5813,5335,7586,906,8380,3078,3846,1449,2592,5442,3362,1893,133,8476,9352,6124,9454,3100,1763,2764,5357,9588,3257,7009,948,274,855,151,6929,9710,716,5446,7263,7373,6755,1971,9825,4565,3204,6500,4483,3360,1652,1727,6799,9949,1807,5472,7064,7989,2552,6351,5598,8124,7461,5265,5540,7796,2239,7014,8174,8011,6882,7799,7885,3248,4714,5084,3978,2138,515,897,2151,548
433,8450,8454,1940,8253,8767,5841,699,7825,8858,1917,4701,8963,2729,4268,3400,3310,131,1296,975,2913,2029,4822,2100,6355,9102,7875,5094,3157,6868,2139,9179,1092,239,497,3796,4927,6260,5302,3542,8413,9353,6334,9455,5391,7101,5418,6965,9589,6893,4236,1008,789,3264,3160,4283,9711,5412,5840,7522,7036,6328,5860,9826,4794,509,3834,2190,6593,1779,5950,4833,9950,3350,5956,5492,10012,3969,4702,3914,7806,7103,3084,4438,7696,2009,1461,8336,8175,5770,7954,7188,118,6083,2679,268,792,5320,5276,1712,3289
374,8580,8630,3591,8688,8768,2902,3452,6695,8859,5660,7309,8964,3117,1311,3420,2300,513,5630,863,3147,2322,3823,2157,4493,9103,7979,4989,1630,6746,2315,8039,5822,733,1821,6528,2168,6643,4699,517,9260,9354,6153,9456,5290,4823,5351,6335,9590,5921,3789,542,280,2061,843,5464,9712,3034,3386,7480,5504,4942,5760,9827,5128,988,4229,5435,2389,1253,1470,4811,9951,1278,4686,7322,10013,3955,5292,5220,4466,7092,4440,1672,7619,729,1115,8056,7973,3564,7296,7822,848,6071,2102,469,4194,4241,2618,4653,3632
296,6241,7445,2813,8167,8398,6729,4035,6558,8860,3554,967,8965,766,2422,1639,4353,3818,5927,1868,6117,1362,5261,2446,7650,9104,5417,3521,3028,6726,776,7887,1192,1730,1943,3072,1937,5755,4865,1480,9261,9355,3272,9457,5677,6532,1646,5933,9591,4975,2466,579,1300,2545,2554,1662,9713,3539,911,7034,2746,3608,1347,9828,6216,1047,3042,4595,5294,3952,5767,2712,9952,4944,5427,4313,7385,3141,8058,3918,1366,6687,3760,3061,5987,2948,4677,7971,7515,5466,7982,8388,3468,4920,2558,485,2095,1996,829,5059,547
322,8581,8631,4427,8689,8769,4484,3896,687,8861,3397,2359,8966,683,3700,3471,1546,5355,3899,1625,4513,4213,5385,1265,7280,9105,6454,3786,4158,5772,1387,8298,311,1731,1961,5285,4284,4746,4016,2237,8383,9356,3422,9458,4422,5212,3994,1535,9592,4294,3271,2038,1376,1617,1213,5874,9714,1293,1979,5113,4995,5942,3710,9829,4888,262,1504,2030,2247,2715,3487,3498,9953,2177,4034,4530,10014,2644,5557,1800,6522,6066,4734,1010,6724,2887,2889,7408,5370,2380,7751,7925,3175,4071,4161,2099,1054,3923,3943,5659,1260
300,7205,7585,2357,8156,8770,6226,1819,5684,8862,1993,6657,8967,1284,5061,3336,2324,3408,5468,524,1418,2978,1146,2046,7695,9106,7209,4398,3232,4941,570,9180,5503,2028,1573,6274,4679,2672,5211,1780,9262,9357,4617,9459,4606,3697,1273,5941,9593,929,4624,728,688,1698,749,6044,9715,253,4295,4216,7058,2001,4627,9830,5434,943,1581,3634,4250,1856,1472,5694,9954,4371,3237,6808,7302,1519,5325,3718,6197,6426,3069,4775,7030,2894,7086,7104,10121,2733,7019,7543,2204,4807,3965,2503,5001,2235,3996,2314,2836
379,6414,7068,5060,8690,8771,6223,1572,5316,8863,4317,6700,8968,3209,3696,5283,3364,247,3124,3013,898,954,5159,3546,6464,9107,8013,5179,1923,7534,3330,9181,2159,207,514,6363,1736,3900,6158,5681,8322,9358,3664,9460,3435,7565,2871,6676,9594,6278,4535,732,815,4358,4027,3849,9716,4866,7096,5744,7481,5403,6189,9831,6206,630,5848,2691,4526,813,3064,3016,9955,1310,5751,6715,10015,4815,6624,5712,7908,6640,6126,4155,8042,958,1083,10100,8339,6678,7850,8047,181,5912,1024,86,3215,6342,5239,1389,1739
434,8582,8314,4789,8271,8772,6524,900,7671,8864,4778,2155,8969,3732,4078,4157,4855,161,4091,1486,1056,6122,1201,3033,9015,9108,6844,4662,5090,5805,3748,7888,1072,566,616,6031,2942,5323,1608,983,9263,9359,4248,9461,2863,3960,3990,4234,9595,3572,3897,3075,2731,3240,1132,6596,9717,3082,6005,5934,3645,2638,4378,9832,2069,719,3485,2430,4735,912,5478,2666,9956,2885,5709,4850,10016,4129,7441,2338,7045,6716,4281,3792,5769,2169,2333,8133,7756,6648,7154,8342,752,2173,5729,947,2416,3263,1500,1948,808
354,7905,8012,5804,8396,8773,5782,3027,7269,8865,4544,3938,8970,2877,2649,4821,1693,1339,1327,1451,3009,640,5204,3080,7490,9109,6406,4312,4292,5537,1391,8130,3687,451,1287,5166,2603,4534,5223,1984,8477,9360,184,9462,5691,6880,4189,6625,9596,5419,3997,470,2384,1365,2705,4004,9718,3972,3478,5929,5114,4461,4096,9833,5548,1415,5031,475,4124,1292,4391,4854,9957,3983,5048,4508,10017,3636,6996,1522,3646,6323,1460,520,7594,1812,4065,6393,7786,4925,7617,10157,1455,2456,3044,751,5536,3493,2879,4424,2748
404,8583,8394,3363,8397,8774,4015,3731,6439,8866,3460,4396,8971,2538,3243,3607,3274,2407,3910,1740,5245,4722,4176,1899,7422,9110,7120,3231,5305,5826,543,7216,799,1078,1434,1918,4680,4056,4299,1824,7834,9361,1298,9463,4083,2041,3877,5982,9597,5801,4328,1328,661,2199,940,5595,9719,723,5830,1681,3805,3905,4118,9834,3226,1353,2749,1783,4495,2172,6008,1503,9958,3332,5394,5256,8204,3543,5810,3354,7277,6303,2845,318,6352,2243,3507,4460,6093,6419,7666,7264,1584,4590,2955,2760,775,1437,3598,2823,2797
435,8584,7919,6188,8182,8775,6210,991,7121,8867,2267,1069,8972,4407,4307,3066,2814,1618,6580,1684,3430,6484,5321,3286,7533,9111,4045,4998,5961,7132,621,7191,1818,2766,1064,3746,5230,5088,3706,473,8302,9362,3431,9464,1989,3054,3472,6776,9598,2006,2259,1297,862,2786,2512,6764,9720,1152,6185,4743,6108,5778,1357,9835,4982,2336,6229,5592,3667,1174,6077,4736,9959,2303,4931,6979,8429,4690,8063,5627,8029,7709,6095,5176,7817,1241,7038,8037,6856,4135,8101,10158,1510,4104,3481,1590,937,693,186,769,196
410,8585,8632,3415,8691,8776,5550,2103,5002,8868,1654,3285,8973,1585,1876,3569,3144,4671,2790,1944,3839,157,4180,1176,8128,9112,7595,3518,3862,5546,2414,8260,2912,2286,2595,2360,1182,5116,4022,3228,8323,9363,1246,9465,4340,4067,3603,6660,9599,1750,4139,1644,1978,2162,2808,2150,9721,1953,2854,5215,5063,3535,2197,9836,4983,1459,2461,3000,3331,1725,5333,2809,9960,4169,4665,1615,10018,2983,7407,2897,5007,7546,1224,2067,7331,1555,3661,6193,6800,5124,4148,7452,2131,4570,2074,946,1112,4577,700,4858,1849
436,8586,8395,4516,8692,8777,5037,1408,8255,8869,5506,5895,8974,2010,1052,6219,3536,134,4235,786,3355,3259,2831,2566,4111,9113,8317,6944,1393,7544,5074,8320,5455,71,620,7454,3867,6675,6586,840,9264,9364,7013,9466,7492,7526,6839,7210,9600,6994,4086,175,214,1760,1419,3206,9722,2847,7115,8479,7741,6629,6756,9837,7324,248,7542,3233,7455,1288,2864,4255,9961,3864,5697,8106,10019,6290,3861,7130,8366,5352,7002,6922,8163,1875,658,8435,8506,7351,8371,7232,169,7788,3532,138,4651,3878,3642,4192,3925
337,8587,6827,1405,8693,8778,5713,2039,2570,8870,3528,5028,8975,3889,3003,3560,3007,782,5928,1647,3216,5573,3126,3376,8274,9114,6043,2981,3620,2482,1704,6030,1778,883,271,3412,3110,4797,5165,340,9265,9365,4879,9467,3999,5117,1494,5000,9601,1904,5386,2349,744,791,458,2568,9723,1375,2992,3381,3727,4935,5746,9838,5030,1279,2472,3962,5597,1843,4630,4611,9962,3655,5878,5405,8113,1788,8084,4676,5811,7310,2791,2598,7113,1973,6109,6644,7516,2703,7699,8085,3413,3085,4748,1251,4361,1591,2140,3716,2290
437,7464,8033,3902,8694,8779,3762,5240,5132,8871,4883,226,8976,3345,3594,5383,4376,5763,5195,480,2301,2841,2713,1910,4181,9115,7667,2473,3875,6714,3571,7863,6232,1283,2018,6203,4416,5012,3927,147,9266,9366,4059,9468,2489,2926,4779,6802,9602,6039,3270,759,1098,2433,642,675,9724,4233,5339,5499,6240,1465,685,9839,2293,1851,4602,4744,4870,3659,933,4261,9963,4603,6389,4291,10020,3404,4848,3613,7380,6925,3680,2370,6599,2807,7023,8126,6842,6403,5971,8233,4058,5296,3191,871,5177,2225,323,6088,879
348,8588,8633,6757,8695,8780,7131,4062,8057,8872,3837,4631,8977,1373,962,7466,3973,218,7213,346,7759,1087,2502,3482,6237,9116,7845,7691,2425,7070,2096,9182,8112,79,1975,7762,2171,6059,7124,211,9267,9367,7754,9469,7632,7085,6416,7505,9603,7838,5631,122,167,1498,880,3933,9725,7089,6986,8328,8329,5298,3118,9840,7519,195,8218,1063,7629,3631,2311,5526,9964,7447,7864,8082,10021,4967,2792,6555,10046,4985,7482,5837,7941,2542,901,10101,8507,6413,8247,7244,326,7158,7552,192,2002,1158,7642,6876,4395
